0,0,72,0,0,500,0.6,1000,0.2,1400,0.2,1
0,1,619,1,0,500,0.6,1000,0.2,1400,0.2,2
0,2,449,0,0,300,0.5,1700,0.5,1
0,3,261,1,0,300,0.5,1700,0.5,1
0,4,306,0,0,500,0.6,1000,0.2,1400,0.2,1
0,5,829,1,0,300,0.5,1700,0.5,1
0,6,779,2,10,5,0,300,0.5,1700,0.5,1
0,7,363,0,0,300,0.5,1700,0.5,1
0,8,938,2,10,5,0,500,0.6,1000,0.2,1400,0.2,2
0,9,806,0,0,500,0.6,1000,0.2,1400,0.2,1
1,0,195,2,10,5,0,500,0.6,1000,0.2,1400,0.2,0
1,1,610,2,10,5,0,300,0.5,1700,0.5,0
1,2,380,2,10,5,0,300,0.5,1700,0.5,2
1,3,194,1,0,300,0.5,1700,0.5,1
1,4,289,0,0,300,0.5,1700,0.5,2
1,5,902,0,0,300,0.5,1700,0.5,0
1,6,530,1,0,300,0.5,1700,0.5,1
1,7,35,0,0,300,0.5,1700,0.5,2
1,8,547,0,0,300,0.5,1700,0.5,1
1,9,893,0,0,300,0.5,1700,0.5,2
2,0,857,0,0,500,0.6,1000,0.2,1400,0.2,0
2,1,545,1,0,300,0.5,1700,0.5,0
2,2,625,2,10,5,0,300,0.5,1700,0.5,2
2,3,31,0,0,500,0.6,1000,0.2,1400,0.2,0
2,4,681,1,0,500,0.6,1000,0.2,1400,0.2,1
2,5,72,0,0,500,0.6,1000,0.2,1400,0.2,1
2,6,522,1,0,500,0.6,1000,0.2,1400,0.2,0
2,7,992,0,0,500,0.6,1000,0.2,1400,0.2,1
2,8,446,2,10,5,0,500,0.6,1000,0.2,1400,0.2,0
2,9,859,0,0,500,0.6,1000,0.2,1400,0.2,1
3,0,886,2,10,5,0,300,0.5,1700,0.5,2
3,1,696,2,10,5,0,500,0.6,1000,0.2,1400,0.2,0
3,2,461,2,10,5,0,300,0.5,1700,0.5,2
3,3,746,0,0,500,0.6,1000,0.2,1400,0.2,1
3,4,892,2,10,5,0,300,0.5,1700,0.5,2
3,5,195,0,0,500,0.6,1000,0.2,1400,0.2,1
3,6,654,2,10,5,0,300,0.5,1700,0.5,0
3,7,198,1,0,300,0.5,1700,0.5,1
3,8,989,2,10,5,0,300,0.5,1700,0.5,2
3,9,876,1,0,300,0.5,1700,0.5,0
4,0,597,0,0,500,0.6,1000,0.2,1400,0.2,1
4,1,744,1,0,300,0.5,1700,0.5,0
4,2,882,2,10,5,0,500,0.6,1000,0.2,1400,0.2,1
4,3,94,0,0,300,0.5,1700,0.5,2
4,4,660,1,0,500,0.6,1000,0.2,1400,0.2,0
4,5,321,2,10,5,0,500,0.6,1000,0.2,1400,0.2,0
4,6,564,1,0,500,0.6,1000,0.2,1400,0.2,2
4,7,527,1,0,300,0.5,1700,0.5,0
4,8,198,2,10,5,0,500,0.6,1000,0.2,1400,0.2,2
4,9,481,0,0,300,0.5,1700,0.5,1
5,0,785,2,10,5,0,500,0.6,1000,0.2,1400,0.2,1
5,1,156,0,0,500,0.6,1000,0.2,1400,0.2,1
5,2,665,0,0,500,0.6,1000,0.2,1400,0.2,1
5,3,499,1,0,500,0.6,1000,0.2,1400,0.2,2
5,4,383,1,0,500,0.6,1000,0.2,1400,0.2,2
5,5,710,0,0,500,0.6,1000,0.2,1400,0.2,2
5,6,191,0,0,500,0.6,1000,0.2,1400,0.2,2
5,7,234,0,0,300,0.5,1700,0.5,0
5,8,590,2,10,5,0,500,0.6,1000,0.2,1400,0.2,2
5,9,803,1,0,300,0.5,1700,0.5,1
6,0,76,1,0,300,0.5,1700,0.5,0
6,1,872,0,0,300,0.5,1700,0.5,0
6,2,830,2,10,5,0,500,0.6,1000,0.2,1400,0.2,0
6,3,283,0,0,300,0.5,1700,0.5,1
6,4,839,2,10,5,0,300,0.5,1700,0.5,1
6,5,573,1,0,500,0.6,1000,0.2,1400,0.2,2
6,6,809,0,0,300,0.5,1700,0.5,0
6,7,606,2,10,5,0,500,0.6,1000,0.2,1400,0.2,1
6,8,194,1,0,300,0.5,1700,0.5,1
6,9,218,2,10,5,0,300,0.5,1700,0.5,0
7,0,521,2,10,5,0,500,0.6,1000,0.2,1400,0.2,1
7,1,504,2,10,5,0,500,0.6,1000,0.2,1400,0.2,2
7,2,390,2,10,5,0,300,0.5,1700,0.5,0
7,3,91,2,10,5,0,500,0.6,1000,0.2,1400,0.2,0
7,4,172,2,10,5,0,300,0.5,1700,0.5,2
7,5,876,2,10,5,0,500,0.6,1000,0.2,1400,0.2,1
7,6,819,1,0,300,0.5,1700,0.5,0
7,7,794,1,0,500,0.6,1000,0.2,1400,0.2,2
7,8,473,2,10,5,0,500,0.6,1000,0.2,1400,0.2,1
7,9,305,0,0,500,0.6,1000,0.2,1400,0.2,1
8,0,416,0,0,300,0.5,1700,0.5,1
8,1,852,2,10,5,0,300,0.5,1700,0.5,1
8,2,172,2,10,5,0,300,0.5,1700,0.5,1
8,3,553,1,0,500,0.6,1000,0.2,1400,0.2,0
8,4,145,2,10,5,0,300,0.5,1700,0.5,0
8,5,884,2,10,5,0,300,0.5,1700,0.5,2
8,6,958,0,0,300,0.5,1700,0.5,0
8,7,710,0,0,500,0.6,1000,0.2,1400,0.2,2
8,8,45,2,10,5,0,500,0.6,1000,0.2,1400,0.2,1
8,9,802,2,10,5,0,500,0.6,1000,0.2,1400,0.2,0
9,0,958,0,0,300,0.5,1700,0.5,1
9,1,918,2,10,5,0,500,0.6,1000,0.2,1400,0.2,2
9,2,145,2,10,5,0,500,0.6,1000,0.2,1400,0.2,2
9,3,162,1,0,500,0.6,1000,0.2,1400,0.2,2
9,4,267,2,10,5,0,300,0.5,1700,0.5,2
9,5,618,2,10,5,0,500,0.6,1000,0.2,1400,0.2,0
9,6,911,2,10,5,0,300,0.5,1700,0.5,0
9,7,626,1,0,500,0.6,1000,0.2,1400,0.2,2
9,8,474,0,0,500,0.6,1000,0.2,1400,0.2,1
9,9,549,1,0,300,0.5,1700,0.5,0
