0,0,26,2,10,5,0,500,0.6,1000,0.2,1400,0.2,0
0,1,427,1,0,500,0.6,1000,0.2,1400,0.2,0
0,2,904,1,0,300,0.5,1700,0.5,0
0,3,507,0,0,500,0.6,1000,0.2,1400,0.2,2
0,4,252,2,10,5,0,500,0.6,1000,0.2,1400,0.2,2
0,5,871,2,10,5,0,300,0.5,1700,0.5,0
0,6,166,1,0,500,0.6,1000,0.2,1400,0.2,0
0,7,292,2,10,5,0,300,0.5,1700,0.5,0
0,8,714,0,0,500,0.6,1000,0.2,1400,0.2,1
0,9,618,1,0,300,0.5,1700,0.5,1
1,0,794,1,0,500,0.6,1000,0.2,1400,0.2,2
1,1,443,1,0,500,0.6,1000,0.2,1400,0.2,1
1,2,186,0,0,300,0.5,1700,0.5,0
1,3,851,1,0,500,0.6,1000,0.2,1400,0.2,0
1,4,266,2,10,5,0,300,0.5,1700,0.5,0
1,5,859,2,10,5,0,500,0.6,1000,0.2,1400,0.2,1
1,6,393,1,0,300,0.5,1700,0.5,2
1,7,759,0,0,300,0.5,1700,0.5,0
1,8,194,2,10,5,0,300,0.5,1700,0.5,0
1,9,374,0,0,300,0.5,1700,0.5,0
2,0,859,0,0,300,0.5,1700,0.5,0
2,1,455,0,0,300,0.5,1700,0.5,2
2,2,432,0,0,500,0.6,1000,0.2,1400,0.2,1
2,3,622,0,0,300,0.5,1700,0.5,2
2,4,840,2,10,5,0,500,0.6,1000,0.2,1400,0.2,1
2,5,800,0,0,300,0.5,1700,0.5,1
2,6,426,1,0,500,0.6,1000,0.2,1400,0.2,1
2,7,942,0,0,500,0.6,1000,0.2,1400,0.2,0
2,8,53,1,0,500,0.6,1000,0.2,1400,0.2,1
2,9,708,1,0,300,0.5,1700,0.5,2
3,0,981,1,0,300,0.5,1700,0.5,0
3,1,778,1,0,300,0.5,1700,0.5,0
3,2,16,1,0,300,0.5,1700,0.5,0
3,3,601,1,0,500,0.6,1000,0.2,1400,0.2,1
3,4,374,2,10,5,0,500,0.6,1000,0.2,1400,0.2,0
3,5,724,1,0,300,0.5,1700,0.5,2
3,6,989,2,10,5,0,500,0.6,1000,0.2,1400,0.2,0
3,7,430,2,10,5,0,300,0.5,1700,0.5,0
3,8,97,1,0,300,0.5,1700,0.5,0
3,9,821,0,0,500,0.6,1000,0.2,1400,0.2,0
4,0,824,0,0,300,0.5,1700,0.5,0
4,1,955,1,0,500,0.6,1000,0.2,1400,0.2,1
4,2,409,1,0,300,0.5,1700,0.5,1
4,3,902,0,0,300,0.5,1700,0.5,1
4,4,812,1,0,300,0.5,1700,0.5,1
4,5,285,2,10,5,0,500,0.6,1000,0.2,1400,0.2,2
4,6,317,1,0,300,0.5,1700,0.5,0
4,7,943,0,0,500,0.6,1000,0.2,1400,0.2,0
4,8,712,2,10,5,0,300,0.5,1700,0.5,1
4,9,664,1,0,500,0.6,1000,0.2,1400,0.2,0
5,0,657,2,10,5,0,500,0.6,1000,0.2,1400,0.2,0
5,1,514,0,0,300,0.5,1700,0.5,1
5,2,366,0,0,500,0.6,1000,0.2,1400,0.2,0
5,3,728,0,0,300,0.5,1700,0.5,1
5,4,982,0,0,300,0.5,1700,0.5,1
5,5,789,1,0,500,0.6,1000,0.2,1400,0.2,2
5,6,20,0,0,300,0.5,1700,0.5,0
5,7,257,1,0,500,0.6,1000,0.2,1400,0.2,1
5,8,716,2,10,5,0,300,0.5,1700,0.5,2
5,9,70,1,0,300,0.5,1700,0.5,1
6,0,268,2,10,5,0,300,0.5,1700,0.5,0
6,1,255,1,0,500,0.6,1000,0.2,1400,0.2,2
6,2,436,1,0,300,0.5,1700,0.5,2
6,3,698,0,0,300,0.5,1700,0.5,0
6,4,428,0,0,500,0.6,1000,0.2,1400,0.2,0
6,5,138,0,0,500,0.6,1000,0.2,1400,0.2,1
6,6,573,2,10,5,0,300,0.5,1700,0.5,1
6,7,477,1,0,300,0.5,1700,0.5,1
6,8,668,2,10,5,0,300,0.5,1700,0.5,0
6,9,111,1,0,500,0.6,1000,0.2,1400,0.2,2
7,0,138,0,0,500,0.6,1000,0.2,1400,0.2,2
7,1,911,0,0,300,0.5,1700,0.5,0
7,2,870,0,0,500,0.6,1000,0.2,1400,0.2,2
7,3,672,0,0,300,0.5,1700,0.5,2
7,4,510,0,0,500,0.6,1000,0.2,1400,0.2,1
7,5,653,0,0,300,0.5,1700,0.5,2
7,6,830,0,0,500,0.6,1000,0.2,1400,0.2,0
7,7,296,0,0,500,0.6,1000,0.2,1400,0.2,2
7,8,549,0,0,300,0.5,1700,0.5,0
7,9,403,0,0,500,0.6,1000,0.2,1400,0.2,1
8,0,989,1,0,300,0.5,1700,0.5,0
8,1,446,0,0,300,0.5,1700,0.5,0
8,2,940,1,0,300,0.5,1700,0.5,0
8,3,561,2,10,5,0,300,0.5,1700,0.5,2
8,4,478,2,10,5,0,300,0.5,1700,0.5,1
8,5,445,2,10,5,0,300,0.5,1700,0.5,2
8,6,671,1,0,300,0.5,1700,0.5,1
8,7,624,0,0,300,0.5,1700,0.5,2
8,8,567,0,0,500,0.6,1000,0.2,1400,0.2,0
8,9,716,1,0,500,0.6,1000,0.2,1400,0.2,1
9,0,458,0,0,300,0.5,1700,0.5,2
9,1,471,2,10,5,0,300,0.5,1700,0.5,2
9,2,781,1,0,500,0.6,1000,0.2,1400,0.2,1
9,3,656,0,0,500,0.6,1000,0.2,1400,0.2,0
9,4,830,1,0,300,0.5,1700,0.5,2
9,5,93,0,0,300,0.5,1700,0.5,0
9,6,239,0,0,300,0.5,1700,0.5,0
9,7,163,2,10,5,0,500,0.6,1000,0.2,1400,0.2,0
9,8,984,2,10,5,0,300,0.5,1700,0.5,0
9,9,93,1,0,500,0.6,1000,0.2,1400,0.2,2
