0,0,519,2,10,5,0,500,0.6,1000,0.2,1400,0.2,0
0,1,982,0,0,300,0.5,1700,0.5,2
0,2,824,0,0,300,0.5,1700,0.5,1
0,3,497,0,0,500,0.6,1000,0.2,1400,0.2,2
0,4,991,2,10,5,0,500,0.6,1000,0.2,1400,0.2,2
0,5,925,2,10,5,0,500,0.6,1000,0.2,1400,0.2,0
0,6,374,1,0,500,0.6,1000,0.2,1400,0.2,2
0,7,493,2,10,5,0,500,0.6,1000,0.2,1400,0.2,0
0,8,800,2,10,5,0,500,0.6,1000,0.2,1400,0.2,2
0,9,550,2,10,5,0,300,0.5,1700,0.5,1
1,0,237,2,10,5,0,500,0.6,1000,0.2,1400,0.2,2
1,1,777,0,0,300,0.5,1700,0.5,1
1,2,432,2,10,5,0,300,0.5,1700,0.5,2
1,3,295,2,10,5,0,500,0.6,1000,0.2,1400,0.2,1
1,4,421,0,0,500,0.6,1000,0.2,1400,0.2,2
1,5,825,1,0,300,0.5,1700,0.5,1
1,6,971,0,0,500,0.6,1000,0.2,1400,0.2,1
1,7,211,1,0,500,0.6,1000,0.2,1400,0.2,1
1,8,771,0,0,500,0.6,1000,0.2,1400,0.2,2
1,9,509,0,0,500,0.6,1000,0.2,1400,0.2,2
2,0,293,0,0,300,0.5,1700,0.5,0
2,1,665,2,10,5,0,300,0.5,1700,0.5,0
2,2,80,1,0,300,0.5,1700,0.5,2
2,3,638,1,0,300,0.5,1700,0.5,1
2,4,42,0,0,500,0.6,1000,0.2,1400,0.2,0
2,5,753,2,10,5,0,300,0.5,1700,0.5,1
2,6,261,0,0,500,0.6,1000,0.2,1400,0.2,1
2,7,712,0,0,500,0.6,1000,0.2,1400,0.2,2
2,8,22,1,0,500,0.6,1000,0.2,1400,0.2,2
2,9,425,2,10,5,0,500,0.6,1000,0.2,1400,0.2,1
3,0,375,2,10,5,0,300,0.5,1700,0.5,2
3,1,154,0,0,300,0.5,1700,0.5,0
3,2,959,1,0,300,0.5,1700,0.5,1
3,3,689,0,0,500,0.6,1000,0.2,1400,0.2,0
3,4,324,1,0,500,0.6,1000,0.2,1400,0.2,2
3,5,705,1,0,300,0.5,1700,0.5,0
3,6,868,2,10,5,0,500,0.6,1000,0.2,1400,0.2,0
3,7,249,0,0,300,0.5,1700,0.5,0
3,8,693,0,0,500,0.6,1000,0.2,1400,0.2,0
3,9,181,2,10,5,0,500,0.6,1000,0.2,1400,0.2,2
4,0,250,2,10,5,0,500,0.6,1000,0.2,1400,0.2,2
4,1,562,0,0,500,0.6,1000,0.2,1400,0.2,0
4,2,679,1,0,500,0.6,1000,0.2,1400,0.2,0
4,3,187,2,10,5,0,300,0.5,1700,0.5,0
4,4,91,1,0,500,0.6,1000,0.2,1400,0.2,0
4,5,553,0,0,500,0.6,1000,0.2,1400,0.2,2
4,6,949,2,10,5,0,300,0.5,1700,0.5,0
4,7,35,0,0,300,0.5,1700,0.5,0
4,8,517,0,0,500,0.6,1000,0.2,1400,0.2,0
4,9,455,0,0,500,0.6,1000,0.2,1400,0.2,1
5,0,503,0,0,500,0.6,1000,0.2,1400,0.2,2
5,1,970,1,0,500,0.6,1000,0.2,1400,0.2,2
5,2,333,1,0,300,0.5,1700,0.5,2
5,3,68,2,10,5,0,300,0.5,1700,0.5,0
5,4,798,1,0,300,0.5,1700,0.5,2
5,5,240,0,0,500,0.6,1000,0.2,1400,0.2,0
5,6,929,2,10,5,0,500,0.6,1000,0.2,1400,0.2,1
5,7,924,0,0,500,0.6,1000,0.2,1400,0.2,1
5,8,94,0,0,500,0.6,1000,0.2,1400,0.2,0
5,9,62,2,10,5,0,500,0.6,1000,0.2,1400,0.2,1
6,0,708,0,0,300,0.5,1700,0.5,0
6,1,897,1,0,500,0.6,1000,0.2,1400,0.2,2
6,2,91,1,0,300,0.5,1700,0.5,0
6,3,928,1,0,300,0.5,1700,0.5,0
6,4,710,1,0,300,0.5,1700,0.5,0
6,5,872,1,0,300,0.5,1700,0.5,2
6,6,662,0,0,500,0.6,1000,0.2,1400,0.2,1
6,7,91,0,0,300,0.5,1700,0.5,1
6,8,21,2,10,5,0,300,0.5,1700,0.5,1
6,9,211,1,0,500,0.6,1000,0.2,1400,0.2,1
7,0,720,0,0,300,0.5,1700,0.5,1
7,1,977,1,0,300,0.5,1700,0.5,0
7,2,680,2,10,5,0,300,0.5,1700,0.5,1
7,3,196,0,0,500,0.6,1000,0.2,1400,0.2,0
7,4,345,1,0,300,0.5,1700,0.5,1
7,5,305,2,10,5,0,300,0.5,1700,0.5,1
7,6,323,0,0,500,0.6,1000,0.2,1400,0.2,1
7,7,430,0,0,500,0.6,1000,0.2,1400,0.2,0
7,8,746,2,10,5,0,300,0.5,1700,0.5,0
7,9,263,1,0,500,0.6,1000,0.2,1400,0.2,1
8,0,683,0,0,300,0.5,1700,0.5,0
8,1,806,0,0,300,0.5,1700,0.5,1
8,2,989,2,10,5,0,300,0.5,1700,0.5,2
8,3,767,1,0,300,0.5,1700,0.5,1
8,4,603,2,10,5,0,300,0.5,1700,0.5,1
8,5,549,0,0,500,0.6,1000,0.2,1400,0.2,2
8,6,906,0,0,300,0.5,1700,0.5,0
8,7,417,0,0,500,0.6,1000,0.2,1400,0.2,1
8,8,279,1,0,300,0.5,1700,0.5,0
8,9,29,2,10,5,0,300,0.5,1700,0.5,0
9,0,720,1,0,300,0.5,1700,0.5,2
9,1,435,0,0,500,0.6,1000,0.2,1400,0.2,2
9,2,227,2,10,5,0,500,0.6,1000,0.2,1400,0.2,1
9,3,850,1,0,500,0.6,1000,0.2,1400,0.2,1
9,4,491,0,0,500,0.6,1000,0.2,1400,0.2,1
9,5,435,0,0,300,0.5,1700,0.5,0
9,6,452,2,10,5,0,300,0.5,1700,0.5,1
9,7,853,0,0,500,0.6,1000,0.2,1400,0.2,2
9,8,431,1,0,500,0.6,1000,0.2,1400,0.2,0
9,9,301,2,10,5,0,300,0.5,1700,0.5,0
