0,0,192,0,0,500,0.6,1000,0.2,1400,0.2,0
0,1,323,0,0,300,0.5,1700,0.5,0
0,2,208,1,0,300,0.5,1700,0.5,2
0,3,902,0,0,500,0.6,1000,0.2,1400,0.2,0
0,4,131,1,0,300,0.5,1700,0.5,2
0,5,668,2,10,5,0,300,0.5,1700,0.5,1
0,6,229,2,10,5,0,300,0.5,1700,0.5,0
0,7,386,0,0,300,0.5,1700,0.5,1
0,8,155,0,0,300,0.5,1700,0.5,0
0,9,544,0,0,500,0.6,1000,0.2,1400,0.2,1
1,0,908,0,0,300,0.5,1700,0.5,1
1,1,565,0,0,300,0.5,1700,0.5,1
1,2,282,0,0,500,0.6,1000,0.2,1400,0.2,2
1,3,420,0,0,500,0.6,1000,0.2,1400,0.2,2
1,4,441,0,0,300,0.5,1700,0.5,0
1,5,822,2,10,5,0,300,0.5,1700,0.5,0
1,6,384,1,0,300,0.5,1700,0.5,2
1,7,495,1,0,300,0.5,1700,0.5,0
1,8,929,1,0,300,0.5,1700,0.5,1
1,9,145,2,10,5,0,300,0.5,1700,0.5,0
2,0,167,0,0,500,0.6,1000,0.2,1400,0.2,2
2,1,218,2,10,5,0,500,0.6,1000,0.2,1400,0.2,0
2,2,723,2,10,5,0,500,0.6,1000,0.2,1400,0.2,2
2,3,600,0,0,300,0.5,1700,0.5,2
2,4,148,2,10,5,0,500,0.6,1000,0.2,1400,0.2,0
2,5,428,1,0,500,0.6,1000,0.2,1400,0.2,1
2,6,111,1,0,300,0.5,1700,0.5,2
2,7,165,1,0,500,0.6,1000,0.2,1400,0.2,2
2,8,916,2,10,5,0,500,0.6,1000,0.2,1400,0.2,1
2,9,931,1,0,300,0.5,1700,0.5,1
3,0,658,2,10,5,0,500,0.6,1000,0.2,1400,0.2,2
3,1,813,2,10,5,0,500,0.6,1000,0.2,1400,0.2,0
3,2,129,0,0,300,0.5,1700,0.5,0
3,3,797,0,0,500,0.6,1000,0.2,1400,0.2,2
3,4,869,1,0,300,0.5,1700,0.5,1
3,5,869,1,0,300,0.5,1700,0.5,1
3,6,655,2,10,5,0,300,0.5,1700,0.5,2
3,7,724,0,0,300,0.5,1700,0.5,1
3,8,397,0,0,500,0.6,1000,0.2,1400,0.2,0
3,9,684,1,0,300,0.5,1700,0.5,0
4,0,620,0,0,300,0.5,1700,0.5,1
4,1,163,2,10,5,0,500,0.6,1000,0.2,1400,0.2,0
4,2,46,2,10,5,0,300,0.5,1700,0.5,0
4,3,10,1,0,300,0.5,1700,0.5,1
4,4,437,1,0,500,0.6,1000,0.2,1400,0.2,1
4,5,950,0,0,300,0.5,1700,0.5,0
4,6,474,1,0,500,0.6,1000,0.2,1400,0.2,0
4,7,624,0,0,500,0.6,1000,0.2,1400,0.2,1
4,8,708,0,0,300,0.5,1700,0.5,0
4,9,280,2,10,5,0,500,0.6,1000,0.2,1400,0.2,0
5,0,224,2,10,5,0,500,0.6,1000,0.2,1400,0.2,0
5,1,956,1,0,500,0.6,1000,0.2,1400,0.2,1
5,2,524,0,0,500,0.6,1000,0.2,1400,0.2,0
5,3,944,0,0,300,0.5,1700,0.5,1
5,4,428,1,0,300,0.5,1700,0.5,2
5,5,977,2,10,5,0,300,0.5,1700,0.5,1
5,6,583,0,0,500,0.6,1000,0.2,1400,0.2,0
5,7,344,0,0,300,0.5,1700,0.5,2
5,8,618,2,10,5,0,500,0.6,1000,0.2,1400,0.2,1
5,9,195,0,0,500,0.6,1000,0.2,1400,0.2,0
6,0,119,2,10,5,0,500,0.6,1000,0.2,1400,0.2,0
6,1,182,1,0,300,0.5,1700,0.5,2
6,2,902,2,10,5,0,500,0.6,1000,0.2,1400,0.2,1
6,3,701,0,0,300,0.5,1700,0.5,2
6,4,619,2,10,5,0,500,0.6,1000,0.2,1400,0.2,1
6,5,640,2,10,5,0,500,0.6,1000,0.2,1400,0.2,0
6,6,13,0,0,300,0.5,1700,0.5,0
6,7,206,2,10,5,0,500,0.6,1000,0.2,1400,0.2,1
6,8,828,2,10,5,0,300,0.5,1700,0.5,1
6,9,404,2,10,5,0,300,0.5,1700,0.5,1
7,0,905,0,0,500,0.6,1000,0.2,1400,0.2,2
7,1,679,0,0,500,0.6,1000,0.2,1400,0.2,1
7,2,316,0,0,300,0.5,1700,0.5,1
7,3,111,1,0,300,0.5,1700,0.5,0
7,4,524,1,0,300,0.5,1700,0.5,1
7,5,486,1,0,300,0.5,1700,0.5,1
7,6,446,0,0,500,0.6,1000,0.2,1400,0.2,1
7,7,378,1,0,500,0.6,1000,0.2,1400,0.2,2
7,8,199,0,0,300,0.5,1700,0.5,2
7,9,309,0,0,300,0.5,1700,0.5,0
8,0,521,0,0,500,0.6,1000,0.2,1400,0.2,1
8,1,293,2,10,5,0,300,0.5,1700,0.5,2
8,2,553,0,0,300,0.5,1700,0.5,2
8,3,349,1,0,500,0.6,1000,0.2,1400,0.2,1
8,4,26,2,10,5,0,300,0.5,1700,0.5,1
8,5,80,1,0,300,0.5,1700,0.5,1
8,6,417,0,0,500,0.6,1000,0.2,1400,0.2,2
8,7,734,1,0,500,0.6,1000,0.2,1400,0.2,2
8,8,524,1,0,500,0.6,1000,0.2,1400,0.2,1
8,9,512,2,10,5,0,500,0.6,1000,0.2,1400,0.2,0
9,0,443,2,10,5,0,500,0.6,1000,0.2,1400,0.2,2
9,1,627,0,0,500,0.6,1000,0.2,1400,0.2,0
9,2,423,0,0,300,0.5,1700,0.5,2
9,3,385,1,0,300,0.5,1700,0.5,2
9,4,837,2,10,5,0,300,0.5,1700,0.5,2
9,5,429,0,0,500,0.6,1000,0.2,1400,0.2,1
9,6,538,0,0,300,0.5,1700,0.5,1
9,7,335,0,0,300,0.5,1700,0.5,2
9,8,488,0,0,300,0.5,1700,0.5,2
9,9,848,0,0,500,0.6,1000,0.2,1400,0.2,2
