0,0,654,2,10,5,0,300,0.5,1700,0.5,0
0,1,676,2,10,5,0,300,0.5,1700,0.5,1
0,2,642,2,10,5,0,500,0.6,1000,0.2,1400,0.2,2
0,3,261,0,0,500,0.6,1000,0.2,1400,0.2,0
0,4,544,1,0,300,0.5,1700,0.5,1
0,5,443,1,0,300,0.5,1700,0.5,1
0,6,66,2,10,5,0,500,0.6,1000,0.2,1400,0.2,1
0,7,36,0,0,500,0.6,1000,0.2,1400,0.2,2
0,8,552,2,10,5,0,500,0.6,1000,0.2,1400,0.2,2
0,9,490,0,0,500,0.6,1000,0.2,1400,0.2,2
1,0,975,0,0,500,0.6,1000,0.2,1400,0.2,1
1,1,532,1,0,300,0.5,1700,0.5,1
1,2,345,2,10,5,0,500,0.6,1000,0.2,1400,0.2,0
1,3,336,1,0,500,0.6,1000,0.2,1400,0.2,0
1,4,905,2,10,5,0,500,0.6,1000,0.2,1400,0.2,1
1,5,98,1,0,500,0.6,1000,0.2,1400,0.2,1
1,6,400,1,0,300,0.5,1700,0.5,0
1,7,692,2,10,5,0,500,0.6,1000,0.2,1400,0.2,1
1,8,174,1,0,300,0.5,1700,0.5,0
1,9,100,1,0,500,0.6,1000,0.2,1400,0.2,0
2,0,264,0,0,500,0.6,1000,0.2,1400,0.2,1
2,1,744,2,10,5,0,500,0.6,1000,0.2,1400,0.2,1
2,2,127,0,0,300,0.5,1700,0.5,0
2,3,892,1,0,500,0.6,1000,0.2,1400,0.2,2
2,4,549,2,10,5,0,500,0.6,1000,0.2,1400,0.2,0
2,5,857,1,0,500,0.6,1000,0.2,1400,0.2,2
2,6,22,2,10,5,0,300,0.5,1700,0.5,0
2,7,247,2,10,5,0,500,0.6,1000,0.2,1400,0.2,2
2,8,644,1,0,500,0.6,1000,0.2,1400,0.2,1
2,9,761,1,0,300,0.5,1700,0.5,1
3,0,684,0,0,300,0.5,1700,0.5,1
3,1,245,0,0,300,0.5,1700,0.5,1
3,2,245,1,0,300,0.5,1700,0.5,0
3,3,19,1,0,300,0.5,1700,0.5,2
3,4,549,1,0,500,0.6,1000,0.2,1400,0.2,2
3,5,945,0,0,300,0.5,1700,0.5,1
3,6,285,1,0,500,0.6,1000,0.2,1400,0.2,1
3,7,459,1,0,300,0.5,1700,0.5,0
3,8,801,0,0,300,0.5,1700,0.5,2
3,9,417,1,0,300,0.5,1700,0.5,2
4,0,912,2,10,5,0,300,0.5,1700,0.5,0
4,1,707,1,0,300,0.5,1700,0.5,2
4,2,296,0,0,500,0.6,1000,0.2,1400,0.2,1
4,3,906,0,0,300,0.5,1700,0.5,1
4,4,641,1,0,500,0.6,1000,0.2,1400,0.2,1
4,5,226,2,10,5,0,500,0.6,1000,0.2,1400,0.2,2
4,6,531,2,10,5,0,300,0.5,1700,0.5,1
4,7,880,2,10,5,0,300,0.5,1700,0.5,1
4,8,921,1,0,500,0.6,1000,0.2,1400,0.2,0
4,9,66,0,0,500,0.6,1000,0.2,1400,0.2,2
5,0,667,2,10,5,0,500,0.6,1000,0.2,1400,0.2,0
5,1,140,0,0,300,0.5,1700,0.5,0
5,2,126,0,0,500,0.6,1000,0.2,1400,0.2,1
5,3,300,2,10,5,0,300,0.5,1700,0.5,2
5,4,839,1,0,300,0.5,1700,0.5,2
5,5,206,1,0,500,0.6,1000,0.2,1400,0.2,1
5,6,155,0,0,300,0.5,1700,0.5,2
5,7,575,2,10,5,0,300,0.5,1700,0.5,2
5,8,248,0,0,500,0.6,1000,0.2,1400,0.2,0
5,9,914,2,10,5,0,300,0.5,1700,0.5,0
6,0,863,2,10,5,0,300,0.5,1700,0.5,0
6,1,873,2,10,5,0,300,0.5,1700,0.5,0
6,2,802,0,0,500,0.6,1000,0.2,1400,0.2,0
6,3,734,2,10,5,0,500,0.6,1000,0.2,1400,0.2,1
6,4,864,1,0,500,0.6,1000,0.2,1400,0.2,2
6,5,705,1,0,300,0.5,1700,0.5,2
6,6,98,2,10,5,0,300,0.5,1700,0.5,1
6,7,959,1,0,300,0.5,1700,0.5,2
6,8,31,2,10,5,0,300,0.5,1700,0.5,2
6,9,880,1,0,300,0.5,1700,0.5,1
7,0,373,2,10,5,0,300,0.5,1700,0.5,2
7,1,95,2,10,5,0,500,0.6,1000,0.2,1400,0.2,0
7,2,353,2,10,5,0,500,0.6,1000,0.2,1400,0.2,2
7,3,357,0,0,300,0.5,1700,0.5,0
7,4,236,1,0,500,0.6,1000,0.2,1400,0.2,1
7,5,337,2,10,5,0,300,0.5,1700,0.5,1
7,6,98,0,0,500,0.6,1000,0.2,1400,0.2,1
7,7,281,2,10,5,0,500,0.6,1000,0.2,1400,0.2,2
7,8,59,2,10,5,0,300,0.5,1700,0.5,2
7,9,40,2,10,5,0,300,0.5,1700,0.5,0
8,0,524,2,10,5,0,500,0.6,1000,0.2,1400,0.2,1
8,1,940,1,0,500,0.6,1000,0.2,1400,0.2,1
8,2,320,1,0,300,0.5,1700,0.5,1
8,3,302,1,0,500,0.6,1000,0.2,1400,0.2,0
8,4,658,0,0,300,0.5,1700,0.5,2
8,5,635,2,10,5,0,500,0.6,1000,0.2,1400,0.2,0
8,6,208,2,10,5,0,300,0.5,1700,0.5,2
8,7,326,2,10,5,0,300,0.5,1700,0.5,1
8,8,741,2,10,5,0,300,0.5,1700,0.5,0
8,9,561,0,0,300,0.5,1700,0.5,0
9,0,675,1,0,300,0.5,1700,0.5,0
9,1,514,0,0,300,0.5,1700,0.5,0
9,2,388,2,10,5,0,300,0.5,1700,0.5,0
9,3,274,2,10,5,0,500,0.6,1000,0.2,1400,0.2,0
9,4,358,2,10,5,0,500,0.6,1000,0.2,1400,0.2,2
9,5,379,0,0,300,0.5,1700,0.5,1
9,6,442,1,0,500,0.6,1000,0.2,1400,0.2,0
9,7,27,0,0,500,0.6,1000,0.2,1400,0.2,1
9,8,827,0,0,500,0.6,1000,0.2,1400,0.2,1
9,9,968,2,10,5,0,500,0.6,1000,0.2,1400,0.2,2
