0,0,846,1,0,500,0.6,1000,0.2,1400,0.2,2
0,1,88,0,0,500,0.6,1000,0.2,1400,0.2,0
0,2,234,1,0,500,0.6,1000,0.2,1400,0.2,2
0,3,996,1,0,300,0.5,1700,0.5,1
0,4,324,1,0,500,0.6,1000,0.2,1400,0.2,0
0,5,183,1,0,500,0.6,1000,0.2,1400,0.2,1
0,6,743,0,0,500,0.6,1000,0.2,1400,0.2,1
0,7,582,0,0,300,0.5,1700,0.5,1
0,8,895,0,0,300,0.5,1700,0.5,1
0,9,786,1,0,300,0.5,1700,0.5,1
1,0,402,2,10,5,0,300,0.5,1700,0.5,2
1,1,956,1,0,300,0.5,1700,0.5,2
1,2,579,0,0,300,0.5,1700,0.5,2
1,3,140,2,10,5,0,300,0.5,1700,0.5,2
1,4,94,1,0,300,0.5,1700,0.5,1
1,5,561,2,10,5,0,500,0.6,1000,0.2,1400,0.2,1
1,6,406,2,10,5,0,500,0.6,1000,0.2,1400,0.2,1
1,7,573,2,10,5,0,300,0.5,1700,0.5,2
1,8,928,0,0,500,0.6,1000,0.2,1400,0.2,1
1,9,398,2,10,5,0,500,0.6,1000,0.2,1400,0.2,2
2,0,769,2,10,5,0,300,0.5,1700,0.5,0
2,1,229,1,0,500,0.6,1000,0.2,1400,0.2,2
2,2,769,1,0,500,0.6,1000,0.2,1400,0.2,1
2,3,649,1,0,500,0.6,1000,0.2,1400,0.2,2
2,4,652,0,0,500,0.6,1000,0.2,1400,0.2,0
2,5,245,1,0,500,0.6,1000,0.2,1400,0.2,1
2,6,145,2,10,5,0,500,0.6,1000,0.2,1400,0.2,2
2,7,498,1,0,500,0.6,1000,0.2,1400,0.2,2
2,8,960,1,0,500,0.6,1000,0.2,1400,0.2,2
2,9,471,2,10,5,0,500,0.6,1000,0.2,1400,0.2,2
3,0,274,2,10,5,0,300,0.5,1700,0.5,0
3,1,813,1,0,500,0.6,1000,0.2,1400,0.2,2
3,2,536,0,0,300,0.5,1700,0.5,0
3,3,359,0,0,500,0.6,1000,0.2,1400,0.2,0
3,4,748,2,10,5,0,300,0.5,1700,0.5,0
3,5,545,0,0,500,0.6,1000,0.2,1400,0.2,1
3,6,462,1,0,500,0.6,1000,0.2,1400,0.2,2
3,7,126,0,0,500,0.6,1000,0.2,1400,0.2,2
3,8,309,2,10,5,0,300,0.5,1700,0.5,2
3,9,573,0,0,300,0.5,1700,0.5,1
4,0,197,1,0,500,0.6,1000,0.2,1400,0.2,0
4,1,885,0,0,500,0.6,1000,0.2,1400,0.2,0
4,2,423,2,10,5,0,500,0.6,1000,0.2,1400,0.2,1
4,3,766,2,10,5,0,500,0.6,1000,0.2,1400,0.2,1
4,4,267,1,0,500,0.6,1000,0.2,1400,0.2,0
4,5,359,0,0,500,0.6,1000,0.2,1400,0.2,1
4,6,583,1,0,300,0.5,1700,0.5,0
4,7,738,1,0,300,0.5,1700,0.5,0
4,8,865,0,0,500,0.6,1000,0.2,1400,0.2,0
4,9,499,0,0,300,0.5,1700,0.5,0
5,0,87,1,0,500,0.6,1000,0.2,1400,0.2,0
5,1,626,0,0,500,0.6,1000,0.2,1400,0.2,2
5,2,378,1,0,500,0.6,1000,0.2,1400,0.2,0
5,3,975,1,0,500,0.6,1000,0.2,1400,0.2,0
5,4,12,1,0,500,0.6,1000,0.2,1400,0.2,2
5,5,778,1,0,500,0.6,1000,0.2,1400,0.2,1
5,6,56,2,10,5,0,300,0.5,1700,0.5,0
5,7,208,0,0,300,0.5,1700,0.5,0
5,8,834,1,0,300,0.5,1700,0.5,1
5,9,68,1,0,300,0.5,1700,0.5,0
6,0,202,0,0,500,0.6,1000,0.2,1400,0.2,1
6,1,422,0,0,500,0.6,1000,0.2,1400,0.2,2
6,2,734,1,0,500,0.6,1000,0.2,1400,0.2,0
6,3,76,1,0,300,0.5,1700,0.5,0
6,4,189,2,10,5,0,500,0.6,1000,0.2,1400,0.2,2
6,5,455,0,0,300,0.5,1700,0.5,1
6,6,828,1,0,300,0.5,1700,0.5,1
6,7,96,1,0,300,0.5,1700,0.5,0
6,8,104,1,0,500,0.6,1000,0.2,1400,0.2,1
6,9,861,1,0,300,0.5,1700,0.5,0
7,0,264,1,0,300,0.5,1700,0.5,2
7,1,993,2,10,5,0,300,0.5,1700,0.5,0
7,2,267,1,0,500,0.6,1000,0.2,1400,0.2,0
7,3,181,2,10,5,0,300,0.5,1700,0.5,1
7,4,140,2,10,5,0,500,0.6,1000,0.2,1400,0.2,2
7,5,147,1,0,500,0.6,1000,0.2,1400,0.2,0
7,6,637,0,0,500,0.6,1000,0.2,1400,0.2,0
7,7,332,1,0,300,0.5,1700,0.5,1
7,8,13,0,0,300,0.5,1700,0.5,1
7,9,668,0,0,300,0.5,1700,0.5,0
8,0,933,1,0,500,0.6,1000,0.2,1400,0.2,0
8,1,898,0,0,300,0.5,1700,0.5,2
8,2,152,1,0,300,0.5,1700,0.5,0
8,3,101,2,10,5,0,500,0.6,1000,0.2,1400,0.2,2
8,4,107,1,0,300,0.5,1700,0.5,0
8,5,712,1,0,500,0.6,1000,0.2,1400,0.2,1
8,6,631,1,0,500,0.6,1000,0.2,1400,0.2,2
8,7,463,2,10,5,0,500,0.6,1000,0.2,1400,0.2,1
8,8,530,2,10,5,0,500,0.6,1000,0.2,1400,0.2,1
8,9,783,2,10,5,0,300,0.5,1700,0.5,0
9,0,222,1,0,500,0.6,1000,0.2,1400,0.2,2
9,1,935,2,10,5,0,500,0.6,1000,0.2,1400,0.2,0
9,2,775,2,10,5,0,300,0.5,1700,0.5,1
9,3,173,2,10,5,0,500,0.6,1000,0.2,1400,0.2,0
9,4,156,1,0,300,0.5,1700,0.5,0
9,5,982,2,10,5,0,500,0.6,1000,0.2,1400,0.2,0
9,6,913,1,0,500,0.6,1000,0.2,1400,0.2,1
9,7,695,0,0,300,0.5,1700,0.5,0
9,8,86,0,0,300,0.5,1700,0.5,2
9,9,637,1,0,300,0.5,1700,0.5,0
