0,0,436,1,0,500,0.6,1000,0.2,1400,0.2,0
0,1,174,2,10,5,0,300,0.5,1700,0.5,2
0,2,862,1,0,300,0.5,1700,0.5,1
0,3,478,2,10,5,0,300,0.5,1700,0.5,0
0,4,789,0,0,300,0.5,1700,0.5,0
0,5,711,2,10,5,0,300,0.5,1700,0.5,0
0,6,941,2,10,5,0,500,0.6,1000,0.2,1400,0.2,2
0,7,922,0,0,500,0.6,1000,0.2,1400,0.2,1
0,8,908,2,10,5,0,300,0.5,1700,0.5,2
0,9,759,1,0,500,0.6,1000,0.2,1400,0.2,0
1,0,637,1,0,300,0.5,1700,0.5,0
1,1,524,2,10,5,0,300,0.5,1700,0.5,1
1,2,542,0,0,500,0.6,1000,0.2,1400,0.2,0
1,3,819,1,0,500,0.6,1000,0.2,1400,0.2,1
1,4,648,0,0,500,0.6,1000,0.2,1400,0.2,2
1,5,343,1,0,500,0.6,1000,0.2,1400,0.2,0
1,6,551,1,0,300,0.5,1700,0.5,0
1,7,512,0,0,300,0.5,1700,0.5,1
1,8,978,2,10,5,0,500,0.6,1000,0.2,1400,0.2,0
1,9,143,0,0,300,0.5,1700,0.5,1
2,0,265,1,0,500,0.6,1000,0.2,1400,0.2,1
2,1,352,1,0,300,0.5,1700,0.5,0
2,2,631,2,10,5,0,500,0.6,1000,0.2,1400,0.2,2
2,3,806,0,0,300,0.5,1700,0.5,0
2,4,606,0,0,500,0.6,1000,0.2,1400,0.2,1
2,5,686,2,10,5,0,300,0.5,1700,0.5,1
2,6,162,0,0,300,0.5,1700,0.5,0
2,7,399,1,0,500,0.6,1000,0.2,1400,0.2,1
2,8,616,0,0,500,0.6,1000,0.2,1400,0.2,2
2,9,368,2,10,5,0,300,0.5,1700,0.5,0
3,0,614,2,10,5,0,500,0.6,1000,0.2,1400,0.2,0
3,1,817,2,10,5,0,300,0.5,1700,0.5,0
3,2,528,1,0,300,0.5,1700,0.5,2
3,3,205,1,0,300,0.5,1700,0.5,1
3,4,607,1,0,300,0.5,1700,0.5,0
3,5,990,0,0,500,0.6,1000,0.2,1400,0.2,0
3,6,581,1,0,500,0.6,1000,0.2,1400,0.2,2
3,7,107,2,10,5,0,300,0.5,1700,0.5,2
3,8,697,1,0,300,0.5,1700,0.5,0
3,9,876,0,0,500,0.6,1000,0.2,1400,0.2,0
4,0,699,1,0,300,0.5,1700,0.5,2
4,1,801,1,0,500,0.6,1000,0.2,1400,0.2,2
4,2,308,0,0,500,0.6,1000,0.2,1400,0.2,0
4,3,716,0,0,500,0.6,1000,0.2,1400,0.2,2
4,4,887,1,0,500,0.6,1000,0.2,1400,0.2,0
4,5,82,1,0,300,0.5,1700,0.5,0
4,6,189,0,0,300,0.5,1700,0.5,2
4,7,337,2,10,5,0,300,0.5,1700,0.5,2
4,8,612,2,10,5,0,300,0.5,1700,0.5,0
4,9,587,2,10,5,0,300,0.5,1700,0.5,0
5,0,220,1,0,500,0.6,1000,0.2,1400,0.2,0
5,1,870,1,0,500,0.6,1000,0.2,1400,0.2,0
5,2,741,0,0,300,0.5,1700,0.5,0
5,3,531,2,10,5,0,500,0.6,1000,0.2,1400,0.2,0
5,4,414,1,0,500,0.6,1000,0.2,1400,0.2,0
5,5,433,2,10,5,0,300,0.5,1700,0.5,0
5,6,483,2,10,5,0,300,0.5,1700,0.5,1
5,7,729,1,0,500,0.6,1000,0.2,1400,0.2,1
5,8,605,2,10,5,0,300,0.5,1700,0.5,2
5,9,745,1,0,300,0.5,1700,0.5,1
6,0,227,0,0,300,0.5,1700,0.5,0
6,1,218,2,10,5,0,500,0.6,1000,0.2,1400,0.2,1
6,2,386,0,0,300,0.5,1700,0.5,2
6,3,993,0,0,300,0.5,1700,0.5,1
6,4,471,0,0,500,0.6,1000,0.2,1400,0.2,0
6,5,820,0,0,300,0.5,1700,0.5,2
6,6,231,0,0,500,0.6,1000,0.2,1400,0.2,2
6,7,788,1,0,300,0.5,1700,0.5,1
6,8,517,1,0,500,0.6,1000,0.2,1400,0.2,2
6,9,613,0,0,500,0.6,1000,0.2,1400,0.2,0
7,0,234,2,10,5,0,300,0.5,1700,0.5,2
7,1,464,2,10,5,0,300,0.5,1700,0.5,2
7,2,540,0,0,500,0.6,1000,0.2,1400,0.2,0
7,3,492,2,10,5,0,300,0.5,1700,0.5,1
7,4,34,0,0,300,0.5,1700,0.5,1
7,5,212,0,0,500,0.6,1000,0.2,1400,0.2,0
7,6,455,1,0,300,0.5,1700,0.5,2
7,7,128,0,0,300,0.5,1700,0.5,0
7,8,73,1,0,300,0.5,1700,0.5,0
7,9,254,2,10,5,0,500,0.6,1000,0.2,1400,0.2,0
8,0,31,1,0,500,0.6,1000,0.2,1400,0.2,2
8,1,402,1,0,500,0.6,1000,0.2,1400,0.2,2
8,2,237,2,10,5,0,300,0.5,1700,0.5,1
8,3,72,1,0,300,0.5,1700,0.5,1
8,4,50,0,0,500,0.6,1000,0.2,1400,0.2,0
8,5,535,2,10,5,0,500,0.6,1000,0.2,1400,0.2,0
8,6,380,1,0,500,0.6,1000,0.2,1400,0.2,2
8,7,967,1,0,300,0.5,1700,0.5,1
8,8,846,1,0,500,0.6,1000,0.2,1400,0.2,1
8,9,573,0,0,300,0.5,1700,0.5,2
9,0,43,1,0,300,0.5,1700,0.5,2
9,1,470,0,0,300,0.5,1700,0.5,0
9,2,487,2,10,5,0,300,0.5,1700,0.5,2
9,3,977,2,10,5,0,500,0.6,1000,0.2,1400,0.2,2
9,4,729,1,0,500,0.6,1000,0.2,1400,0.2,0
9,5,885,1,0,500,0.6,1000,0.2,1400,0.2,1
9,6,922,2,10,5,0,300,0.5,1700,0.5,2
9,7,644,2,10,5,0,500,0.6,1000,0.2,1400,0.2,2
9,8,591,0,0,300,0.5,1700,0.5,0
9,9,177,1,0,300,0.5,1700,0.5,2
