0,0,477,0,0,500,0.6,1000,0.2,1400,0.2,0
0,1,22,2,10,5,0,500,0.6,1000,0.2,1400,0.2,2
0,2,620,2,10,5,0,300,0.5,1700,0.5,1
0,3,347,1,0,500,0.6,1000,0.2,1400,0.2,0
0,4,587,1,0,300,0.5,1700,0.5,1
0,5,638,2,10,5,0,500,0.6,1000,0.2,1400,0.2,0
0,6,969,2,10,5,0,300,0.5,1700,0.5,2
0,7,751,0,0,300,0.5,1700,0.5,2
0,8,504,2,10,5,0,500,0.6,1000,0.2,1400,0.2,0
0,9,441,1,0,300,0.5,1700,0.5,2
1,0,638,0,0,500,0.6,1000,0.2,1400,0.2,1
1,1,694,2,10,5,0,500,0.6,1000,0.2,1400,0.2,2
1,2,923,2,10,5,0,300,0.5,1700,0.5,0
1,3,382,1,0,500,0.6,1000,0.2,1400,0.2,0
1,4,657,1,0,500,0.6,1000,0.2,1400,0.2,0
1,5,538,2,10,5,0,300,0.5,1700,0.5,0
1,6,140,0,0,300,0.5,1700,0.5,2
1,7,756,1,0,500,0.6,1000,0.2,1400,0.2,2
1,8,352,2,10,5,0,300,0.5,1700,0.5,2
1,9,134,0,0,300,0.5,1700,0.5,1
2,0,617,0,0,300,0.5,1700,0.5,1
2,1,867,2,10,5,0,500,0.6,1000,0.2,1400,0.2,0
2,2,362,1,0,300,0.5,1700,0.5,1
2,3,38,1,0,500,0.6,1000,0.2,1400,0.2,1
2,4,748,2,10,5,0,300,0.5,1700,0.5,1
2,5,448,0,0,500,0.6,1000,0.2,1400,0.2,1
2,6,305,0,0,500,0.6,1000,0.2,1400,0.2,0
2,7,868,1,0,500,0.6,1000,0.2,1400,0.2,0
2,8,524,1,0,300,0.5,1700,0.5,2
2,9,354,1,0,300,0.5,1700,0.5,1
3,0,959,0,0,300,0.5,1700,0.5,2
3,1,889,2,10,5,0,300,0.5,1700,0.5,2
3,2,669,0,0,300,0.5,1700,0.5,1
3,3,920,0,0,300,0.5,1700,0.5,2
3,4,317,2,10,5,0,300,0.5,1700,0.5,1
3,5,647,0,0,300,0.5,1700,0.5,0
3,6,389,1,0,500,0.6,1000,0.2,1400,0.2,1
3,7,628,1,0,500,0.6,1000,0.2,1400,0.2,2
3,8,566,2,10,5,0,300,0.5,1700,0.5,1
3,9,816,1,0,300,0.5,1700,0.5,1
4,0,250,2,10,5,0,300,0.5,1700,0.5,2
4,1,809,1,0,300,0.5,1700,0.5,0
4,2,323,1,0,300,0.5,1700,0.5,1
4,3,521,1,0,300,0.5,1700,0.5,2
4,4,874,1,0,300,0.5,1700,0.5,0
4,5,781,1,0,300,0.5,1700,0.5,1
4,6,371,2,10,5,0,500,0.6,1000,0.2,1400,0.2,2
4,7,615,1,0,300,0.5,1700,0.5,2
4,8,387,1,0,500,0.6,1000,0.2,1400,0.2,0
4,9,726,2,10,5,0,300,0.5,1700,0.5,0
5,0,727,1,0,300,0.5,1700,0.5,0
5,1,186,1,0,300,0.5,1700,0.5,2
5,2,950,0,0,300,0.5,1700,0.5,1
5,3,165,1,0,300,0.5,1700,0.5,0
5,4,446,0,0,300,0.5,1700,0.5,2
5,5,957,2,10,5,0,500,0.6,1000,0.2,1400,0.2,2
5,6,877,0,0,500,0.6,1000,0.2,1400,0.2,0
5,7,282,2,10,5,0,300,0.5,1700,0.5,2
5,8,44,2,10,5,0,300,0.5,1700,0.5,1
5,9,166,2,10,5,0,300,0.5,1700,0.5,0
6,0,724,0,0,300,0.5,1700,0.5,2
6,1,285,0,0,300,0.5,1700,0.5,1
6,2,543,1,0,300,0.5,1700,0.5,1
6,3,428,2,10,5,0,300,0.5,1700,0.5,2
6,4,788,0,0,500,0.6,1000,0.2,1400,0.2,0
6,5,760,1,0,300,0.5,1700,0.5,0
6,6,206,1,0,300,0.5,1700,0.5,2
6,7,774,0,0,500,0.6,1000,0.2,1400,0.2,1
6,8,881,1,0,500,0.6,1000,0.2,1400,0.2,1
6,9,417,0,0,300,0.5,1700,0.5,1
7,0,456,2,10,5,0,300,0.5,1700,0.5,0
7,1,819,2,10,5,0,300,0.5,1700,0.5,1
7,2,529,1,0,300,0.5,1700,0.5,2
7,3,490,2,10,5,0,500,0.6,1000,0.2,1400,0.2,0
7,4,906,1,0,500,0.6,1000,0.2,1400,0.2,2
7,5,207,1,0,300,0.5,1700,0.5,2
7,6,845,0,0,500,0.6,1000,0.2,1400,0.2,1
7,7,969,1,0,300,0.5,1700,0.5,0
7,8,181,0,0,500,0.6,1000,0.2,1400,0.2,0
7,9,132,0,0,300,0.5,1700,0.5,0
8,0,613,2,10,5,0,500,0.6,1000,0.2,1400,0.2,1
8,1,858,1,0,300,0.5,1700,0.5,0
8,2,26,0,0,500,0.6,1000,0.2,1400,0.2,2
8,3,817,1,0,300,0.5,1700,0.5,0
8,4,27,2,10,5,0,300,0.5,1700,0.5,2
8,5,841,1,0,500,0.6,1000,0.2,1400,0.2,0
8,6,136,0,0,300,0.5,1700,0.5,2
8,7,36,1,0,500,0.6,1000,0.2,1400,0.2,2
8,8,453,2,10,5,0,500,0.6,1000,0.2,1400,0.2,1
8,9,112,1,0,500,0.6,1000,0.2,1400,0.2,1
9,0,114,2,10,5,0,300,0.5,1700,0.5,1
9,1,120,2,10,5,0,500,0.6,1000,0.2,1400,0.2,0
9,2,519,2,10,5,0,500,0.6,1000,0.2,1400,0.2,1
9,3,147,1,0,500,0.6,1000,0.2,1400,0.2,0
9,4,306,2,10,5,0,500,0.6,1000,0.2,1400,0.2,0
9,5,171,2,10,5,0,300,0.5,1700,0.5,0
9,6,528,2,10,5,0,300,0.5,1700,0.5,0
9,7,700,1,0,300,0.5,1700,0.5,1
9,8,561,1,0,500,0.6,1000,0.2,1400,0.2,2
9,9,809,2,10,5,0,300,0.5,1700,0.5,2
