0,0,621,0,0,500,0.6,1000,0.2,1400,0.2,2
0,1,767,1,0,300,0.5,1700,0.5,0
0,2,196,2,10,5,0,300,0.5,1700,0.5,1
0,3,407,2,10,5,0,300,0.5,1700,0.5,1
0,4,122,1,0,500,0.6,1000,0.2,1400,0.2,2
0,5,505,1,0,500,0.6,1000,0.2,1400,0.2,1
0,6,91,0,0,500,0.6,1000,0.2,1400,0.2,1
0,7,471,0,0,300,0.5,1700,0.5,2
0,8,324,1,0,500,0.6,1000,0.2,1400,0.2,1
0,9,37,2,10,5,0,500,0.6,1000,0.2,1400,0.2,1
1,0,327,0,0,300,0.5,1700,0.5,2
1,1,303,2,10,5,0,300,0.5,1700,0.5,2
1,2,475,2,10,5,0,300,0.5,1700,0.5,1
1,3,529,1,0,300,0.5,1700,0.5,1
1,4,836,1,0,300,0.5,1700,0.5,2
1,5,129,1,0,500,0.6,1000,0.2,1400,0.2,0
1,6,492,1,0,300,0.5,1700,0.5,0
1,7,560,2,10,5,0,500,0.6,1000,0.2,1400,0.2,0
1,8,143,2,10,5,0,300,0.5,1700,0.5,1
1,9,329,2,10,5,0,500,0.6,1000,0.2,1400,0.2,2
2,0,837,2,10,5,0,300,0.5,1700,0.5,1
2,1,946,0,0,300,0.5,1700,0.5,2
2,2,729,2,10,5,0,300,0.5,1700,0.5,1
2,3,453,0,0,300,0.5,1700,0.5,2
2,4,946,0,0,300,0.5,1700,0.5,2
2,5,769,1,0,300,0.5,1700,0.5,2
2,6,744,2,10,5,0,500,0.6,1000,0.2,1400,0.2,2
2,7,833,0,0,500,0.6,1000,0.2,1400,0.2,1
2,8,924,2,10,5,0,300,0.5,1700,0.5,2
2,9,949,0,0,300,0.5,1700,0.5,0
3,0,714,2,10,5,0,500,0.6,1000,0.2,1400,0.2,1
3,1,19,1,0,300,0.5,1700,0.5,2
3,2,895,0,0,500,0.6,1000,0.2,1400,0.2,2
3,3,79,1,0,500,0.6,1000,0.2,1400,0.2,1
3,4,565,2,10,5,0,300,0.5,1700,0.5,1
3,5,423,1,0,500,0.6,1000,0.2,1400,0.2,1
3,6,294,1,0,300,0.5,1700,0.5,0
3,7,802,0,0,300,0.5,1700,0.5,1
3,8,749,2,10,5,0,300,0.5,1700,0.5,0
3,9,663,1,0,500,0.6,1000,0.2,1400,0.2,2
4,0,117,2,10,5,0,300,0.5,1700,0.5,2
4,1,921,2,10,5,0,500,0.6,1000,0.2,1400,0.2,0
4,2,661,2,10,5,0,500,0.6,1000,0.2,1400,0.2,0
4,3,486,0,0,300,0.5,1700,0.5,2
4,4,311,0,0,500,0.6,1000,0.2,1400,0.2,0
4,5,211,0,0,300,0.5,1700,0.5,2
4,6,621,0,0,500,0.6,1000,0.2,1400,0.2,1
4,7,834,2,10,5,0,300,0.5,1700,0.5,1
4,8,452,0,0,500,0.6,1000,0.2,1400,0.2,0
4,9,824,1,0,500,0.6,1000,0.2,1400,0.2,0
5,0,90,1,0,500,0.6,1000,0.2,1400,0.2,1
5,1,869,0,0,500,0.6,1000,0.2,1400,0.2,1
5,2,208,1,0,500,0.6,1000,0.2,1400,0.2,1
5,3,128,2,10,5,0,500,0.6,1000,0.2,1400,0.2,2
5,4,787,2,10,5,0,300,0.5,1700,0.5,1
5,5,508,0,0,300,0.5,1700,0.5,1
5,6,429,2,10,5,0,300,0.5,1700,0.5,1
5,7,595,1,0,500,0.6,1000,0.2,1400,0.2,0
5,8,178,2,10,5,0,500,0.6,1000,0.2,1400,0.2,1
5,9,725,2,10,5,0,500,0.6,1000,0.2,1400,0.2,0
6,0,829,1,0,300,0.5,1700,0.5,0
6,1,860,2,10,5,0,300,0.5,1700,0.5,1
6,2,200,2,10,5,0,500,0.6,1000,0.2,1400,0.2,0
6,3,389,0,0,500,0.6,1000,0.2,1400,0.2,0
6,4,608,0,0,300,0.5,1700,0.5,1
6,5,440,2,10,5,0,300,0.5,1700,0.5,0
6,6,674,2,10,5,0,500,0.6,1000,0.2,1400,0.2,2
6,7,24,0,0,500,0.6,1000,0.2,1400,0.2,2
6,8,371,2,10,5,0,500,0.6,1000,0.2,1400,0.2,2
6,9,151,1,0,300,0.5,1700,0.5,1
7,0,367,1,0,500,0.6,1000,0.2,1400,0.2,0
7,1,994,2,10,5,0,500,0.6,1000,0.2,1400,0.2,2
7,2,766,1,0,500,0.6,1000,0.2,1400,0.2,2
7,3,993,1,0,500,0.6,1000,0.2,1400,0.2,1
7,4,695,2,10,5,0,500,0.6,1000,0.2,1400,0.2,0
7,5,530,0,0,500,0.6,1000,0.2,1400,0.2,2
7,6,190,2,10,5,0,500,0.6,1000,0.2,1400,0.2,1
7,7,431,1,0,500,0.6,1000,0.2,1400,0.2,0
7,8,758,1,0,300,0.5,1700,0.5,2
7,9,921,1,0,300,0.5,1700,0.5,1
8,0,289,0,0,300,0.5,1700,0.5,1
8,1,545,1,0,300,0.5,1700,0.5,1
8,2,473,2,10,5,0,500,0.6,1000,0.2,1400,0.2,2
8,3,924,0,0,500,0.6,1000,0.2,1400,0.2,2
8,4,14,1,0,300,0.5,1700,0.5,2
8,5,698,2,10,5,0,500,0.6,1000,0.2,1400,0.2,0
8,6,607,1,0,500,0.6,1000,0.2,1400,0.2,0
8,7,928,0,0,500,0.6,1000,0.2,1400,0.2,2
8,8,363,1,0,500,0.6,1000,0.2,1400,0.2,2
8,9,388,2,10,5,0,300,0.5,1700,0.5,0
9,0,622,2,10,5,0,500,0.6,1000,0.2,1400,0.2,1
9,1,868,1,0,300,0.5,1700,0.5,2
9,2,737,1,0,500,0.6,1000,0.2,1400,0.2,2
9,3,991,2,10,5,0,500,0.6,1000,0.2,1400,0.2,2
9,4,644,0,0,300,0.5,1700,0.5,2
9,5,708,1,0,300,0.5,1700,0.5,0
9,6,241,0,0,500,0.6,1000,0.2,1400,0.2,0
9,7,391,1,0,300,0.5,1700,0.5,1
9,8,286,1,0,500,0.6,1000,0.2,1400,0.2,0
9,9,414,0,0,500,0.6,1000,0.2,1400,0.2,1
