0,0,46,2,10,5,0,500,0.6,1000,0.2,1400,0.2,1
0,1,489,1,0,300,0.5,1700,0.5,0
0,2,700,2,10,5,0,500,0.6,1000,0.2,1400,0.2,0
0,3,411,1,0,500,0.6,1000,0.2,1400,0.2,0
0,4,796,2,10,5,0,300,0.5,1700,0.5,1
0,5,676,0,0,300,0.5,1700,0.5,1
0,6,224,1,0,500,0.6,1000,0.2,1400,0.2,0
0,7,18,1,0,300,0.5,1700,0.5,1
0,8,889,0,0,300,0.5,1700,0.5,0
0,9,73,1,0,500,0.6,1000,0.2,1400,0.2,0
1,0,183,2,10,5,0,300,0.5,1700,0.5,2
1,1,90,1,0,500,0.6,1000,0.2,1400,0.2,0
1,2,150,0,0,300,0.5,1700,0.5,0
1,3,324,2,10,5,0,500,0.6,1000,0.2,1400,0.2,0
1,4,652,2,10,5,0,500,0.6,1000,0.2,1400,0.2,2
1,5,424,1,0,300,0.5,1700,0.5,0
1,6,761,2,10,5,0,500,0.6,1000,0.2,1400,0.2,2
1,7,909,0,0,300,0.5,1700,0.5,2
1,8,215,0,0,500,0.6,1000,0.2,1400,0.2,0
1,9,578,2,10,5,0,500,0.6,1000,0.2,1400,0.2,1
2,0,22,2,10,5,0,300,0.5,1700,0.5,1
2,1,355,1,0,500,0.6,1000,0.2,1400,0.2,0
2,2,47,2,10,5,0,500,0.6,1000,0.2,1400,0.2,2
2,3,429,1,0,300,0.5,1700,0.5,1
2,4,354,2,10,5,0,300,0.5,1700,0.5,0
2,5,955,2,10,5,0,500,0.6,1000,0.2,1400,0.2,0
2,6,163,2,10,5,0,300,0.5,1700,0.5,2
2,7,23,0,0,500,0.6,1000,0.2,1400,0.2,2
2,8,781,1,0,300,0.5,1700,0.5,0
2,9,137,2,10,5,0,500,0.6,1000,0.2,1400,0.2,1
3,0,939,2,10,5,0,500,0.6,1000,0.2,1400,0.2,2
3,1,466,2,10,5,0,500,0.6,1000,0.2,1400,0.2,0
3,2,183,0,0,500,0.6,1000,0.2,1400,0.2,1
3,3,924,1,0,500,0.6,1000,0.2,1400,0.2,2
3,4,473,2,10,5,0,300,0.5,1700,0.5,0
3,5,476,2,10,5,0,300,0.5,1700,0.5,2
3,6,230,0,0,300,0.5,1700,0.5,2
3,7,170,0,0,300,0.5,1700,0.5,0
3,8,255,1,0,500,0.6,1000,0.2,1400,0.2,1
3,9,273,2,10,5,0,500,0.6,1000,0.2,1400,0.2,2
4,0,259,0,0,500,0.6,1000,0.2,1400,0.2,1
4,1,865,2,10,5,0,300,0.5,1700,0.5,1
4,2,469,2,10,5,0,500,0.6,1000,0.2,1400,0.2,2
4,3,299,1,0,500,0.6,1000,0.2,1400,0.2,1
4,4,973,1,0,500,0.6,1000,0.2,1400,0.2,0
4,5,301,0,0,500,0.6,1000,0.2,1400,0.2,0
4,6,687,0,0,300,0.5,1700,0.5,2
4,7,498,2,10,5,0,300,0.5,1700,0.5,2
4,8,214,1,0,300,0.5,1700,0.5,0
4,9,205,1,0,500,0.6,1000,0.2,1400,0.2,2
5,0,481,0,0,500,0.6,1000,0.2,1400,0.2,1
5,1,400,0,0,500,0.6,1000,0.2,1400,0.2,2
5,2,477,1,0,500,0.6,1000,0.2,1400,0.2,0
5,3,81,1,0,500,0.6,1000,0.2,1400,0.2,0
5,4,163,0,0,300,0.5,1700,0.5,0
5,5,179,2,10,5,0,500,0.6,1000,0.2,1400,0.2,2
5,6,610,1,0,500,0.6,1000,0.2,1400,0.2,1
5,7,177,0,0,500,0.6,1000,0.2,1400,0.2,1
5,8,599,2,10,5,0,300,0.5,1700,0.5,2
5,9,460,0,0,300,0.5,1700,0.5,0
6,0,536,2,10,5,0,500,0.6,1000,0.2,1400,0.2,0
6,1,342,1,0,500,0.6,1000,0.2,1400,0.2,1
6,2,925,0,0,300,0.5,1700,0.5,2
6,3,314,0,0,500,0.6,1000,0.2,1400,0.2,2
6,4,477,2,10,5,0,300,0.5,1700,0.5,2
6,5,644,0,0,500,0.6,1000,0.2,1400,0.2,1
6,6,736,2,10,5,0,300,0.5,1700,0.5,2
6,7,912,1,0,500,0.6,1000,0.2,1400,0.2,1
6,8,362,1,0,500,0.6,1000,0.2,1400,0.2,0
6,9,126,2,10,5,0,300,0.5,1700,0.5,2
7,0,696,2,10,5,0,500,0.6,1000,0.2,1400,0.2,0
7,1,117,2,10,5,0,300,0.5,1700,0.5,1
7,2,813,0,0,500,0.6,1000,0.2,1400,0.2,0
7,3,544,2,10,5,0,500,0.6,1000,0.2,1400,0.2,0
7,4,548,2,10,5,0,500,0.6,1000,0.2,1400,0.2,2
7,5,365,1,0,300,0.5,1700,0.5,0
7,6,959,2,10,5,0,300,0.5,1700,0.5,2
7,7,974,0,0,300,0.5,1700,0.5,0
7,8,270,2,10,5,0,300,0.5,1700,0.5,0
7,9,551,1,0,500,0.6,1000,0.2,1400,0.2,0
8,0,132,0,0,500,0.6,1000,0.2,1400,0.2,2
8,1,23,1,0,500,0.6,1000,0.2,1400,0.2,0
8,2,948,2,10,5,0,500,0.6,1000,0.2,1400,0.2,2
8,3,590,2,10,5,0,300,0.5,1700,0.5,0
8,4,945,0,0,500,0.6,1000,0.2,1400,0.2,0
8,5,338,2,10,5,0,500,0.6,1000,0.2,1400,0.2,0
8,6,896,1,0,300,0.5,1700,0.5,1
8,7,590,1,0,500,0.6,1000,0.2,1400,0.2,1
8,8,868,2,10,5,0,500,0.6,1000,0.2,1400,0.2,0
8,9,87,1,0,500,0.6,1000,0.2,1400,0.2,0
9,0,453,0,0,300,0.5,1700,0.5,0
9,1,240,2,10,5,0,500,0.6,1000,0.2,1400,0.2,2
9,2,970,2,10,5,0,300,0.5,1700,0.5,1
9,3,356,0,0,500,0.6,1000,0.2,1400,0.2,1
9,4,727,2,10,5,0,300,0.5,1700,0.5,2
9,5,960,1,0,500,0.6,1000,0.2,1400,0.2,0
9,6,414,2,10,5,0,500,0.6,1000,0.2,1400,0.2,2
9,7,401,0,0,300,0.5,1700,0.5,0
9,8,21,0,0,500,0.6,1000,0.2,1400,0.2,0
9,9,408,0,0,300,0.5,1700,0.5,0
