0,0,848,0,0,500,0.6,1000,0.2,1400,0.2,1
0,1,701,2,10,5,0,300,0.5,1700,0.5,1
0,2,725,2,10,5,0,500,0.6,1000,0.2,1400,0.2,1
0,3,247,1,0,500,0.6,1000,0.2,1400,0.2,1
0,4,83,2,10,5,0,500,0.6,1000,0.2,1400,0.2,1
0,5,649,1,0,300,0.5,1700,0.5,2
0,6,32,1,0,300,0.5,1700,0.5,1
0,7,991,2,10,5,0,500,0.6,1000,0.2,1400,0.2,2
0,8,88,1,0,300,0.5,1700,0.5,2
0,9,169,0,0,500,0.6,1000,0.2,1400,0.2,1
1,0,649,1,0,300,0.5,1700,0.5,1
1,1,920,2,10,5,0,300,0.5,1700,0.5,0
1,2,784,0,0,300,0.5,1700,0.5,1
1,3,157,0,0,500,0.6,1000,0.2,1400,0.2,2
1,4,681,1,0,300,0.5,1700,0.5,0
1,5,861,0,0,300,0.5,1700,0.5,0
1,6,645,2,10,5,0,300,0.5,1700,0.5,2
1,7,209,0,0,300,0.5,1700,0.5,2
1,8,92,2,10,5,0,300,0.5,1700,0.5,0
1,9,739,1,0,300,0.5,1700,0.5,2
2,0,550,1,0,300,0.5,1700,0.5,2
2,1,893,0,0,300,0.5,1700,0.5,1
2,2,320,2,10,5,0,500,0.6,1000,0.2,1400,0.2,2
2,3,556,1,0,500,0.6,1000,0.2,1400,0.2,0
2,4,267,0,0,500,0.6,1000,0.2,1400,0.2,1
2,5,838,1,0,500,0.6,1000,0.2,1400,0.2,1
2,6,961,1,0,300,0.5,1700,0.5,0
2,7,171,0,0,500,0.6,1000,0.2,1400,0.2,1
2,8,730,0,0,300,0.5,1700,0.5,2
2,9,990,1,0,500,0.6,1000,0.2,1400,0.2,2
3,0,433,2,10,5,0,500,0.6,1000,0.2,1400,0.2,2
3,1,849,1,0,300,0.5,1700,0.5,0
3,2,601,0,0,500,0.6,1000,0.2,1400,0.2,2
3,3,582,2,10,5,0,300,0.5,1700,0.5,1
3,4,41,1,0,500,0.6,1000,0.2,1400,0.2,0
3,5,627,1,0,300,0.5,1700,0.5,2
3,6,420,0,0,500,0.6,1000,0.2,1400,0.2,1
3,7,750,2,10,5,0,300,0.5,1700,0.5,0
3,8,282,2,10,5,0,500,0.6,1000,0.2,1400,0.2,1
3,9,413,0,0,300,0.5,1700,0.5,2
4,0,308,0,0,300,0.5,1700,0.5,1
4,1,697,2,10,5,0,300,0.5,1700,0.5,2
4,2,902,1,0,500,0.6,1000,0.2,1400,0.2,0
4,3,664,1,0,300,0.5,1700,0.5,2
4,4,34,0,0,300,0.5,1700,0.5,2
4,5,673,1,0,500,0.6,1000,0.2,1400,0.2,2
4,6,936,1,0,300,0.5,1700,0.5,1
4,7,20,1,0,300,0.5,1700,0.5,1
4,8,87,0,0,500,0.6,1000,0.2,1400,0.2,2
4,9,813,1,0,500,0.6,1000,0.2,1400,0.2,0
5,0,93,2,10,5,0,300,0.5,1700,0.5,2
5,1,717,1,0,300,0.5,1700,0.5,1
5,2,599,0,0,500,0.6,1000,0.2,1400,0.2,2
5,3,679,2,10,5,0,300,0.5,1700,0.5,2
5,4,457,2,10,5,0,500,0.6,1000,0.2,1400,0.2,0
5,5,672,1,0,300,0.5,1700,0.5,2
5,6,583,1,0,500,0.6,1000,0.2,1400,0.2,0
5,7,195,0,0,300,0.5,1700,0.5,0
5,8,486,2,10,5,0,300,0.5,1700,0.5,2
5,9,917,0,0,500,0.6,1000,0.2,1400,0.2,2
6,0,223,2,10,5,0,500,0.6,1000,0.2,1400,0.2,1
6,1,568,0,0,500,0.6,1000,0.2,1400,0.2,0
6,2,944,0,0,300,0.5,1700,0.5,1
6,3,730,2,10,5,0,500,0.6,1000,0.2,1400,0.2,2
6,4,693,0,0,300,0.5,1700,0.5,1
6,5,382,0,0,300,0.5,1700,0.5,1
6,6,427,0,0,500,0.6,1000,0.2,1400,0.2,1
6,7,899,2,10,5,0,300,0.5,1700,0.5,2
6,8,81,0,0,300,0.5,1700,0.5,0
6,9,101,0,0,500,0.6,1000,0.2,1400,0.2,1
7,0,81,2,10,5,0,300,0.5,1700,0.5,2
7,1,299,2,10,5,0,300,0.5,1700,0.5,2
7,2,51,0,0,500,0.6,1000,0.2,1400,0.2,1
7,3,765,1,0,300,0.5,1700,0.5,0
7,4,979,2,10,5,0,300,0.5,1700,0.5,0
7,5,662,0,0,500,0.6,1000,0.2,1400,0.2,2
7,6,438,1,0,300,0.5,1700,0.5,0
7,7,790,0,0,500,0.6,1000,0.2,1400,0.2,0
7,8,807,1,0,300,0.5,1700,0.5,1
7,9,56,2,10,5,0,500,0.6,1000,0.2,1400,0.2,0
8,0,515,2,10,5,0,500,0.6,1000,0.2,1400,0.2,1
8,1,360,0,0,500,0.6,1000,0.2,1400,0.2,0
8,2,691,2,10,5,0,500,0.6,1000,0.2,1400,0.2,1
8,3,173,0,0,500,0.6,1000,0.2,1400,0.2,0
8,4,464,2,10,5,0,300,0.5,1700,0.5,2
8,5,808,1,0,500,0.6,1000,0.2,1400,0.2,2
8,6,995,2,10,5,0,300,0.5,1700,0.5,0
8,7,512,0,0,500,0.6,1000,0.2,1400,0.2,1
8,8,77,2,10,5,0,500,0.6,1000,0.2,1400,0.2,2
8,9,820,0,0,300,0.5,1700,0.5,0
9,0,153,1,0,500,0.6,1000,0.2,1400,0.2,2
9,1,403,2,10,5,0,500,0.6,1000,0.2,1400,0.2,1
9,2,947,0,0,500,0.6,1000,0.2,1400,0.2,1
9,3,36,1,0,500,0.6,1000,0.2,1400,0.2,0
9,4,710,1,0,500,0.6,1000,0.2,1400,0.2,1
9,5,500,2,10,5,0,500,0.6,1000,0.2,1400,0.2,1
9,6,464,2,10,5,0,500,0.6,1000,0.2,1400,0.2,1
9,7,423,2,10,5,0,500,0.6,1000,0.2,1400,0.2,1
9,8,631,2,10,5,0,500,0.6,1000,0.2,1400,0.2,1
9,9,31,0,0,300,0.5,1700,0.5,0
