0,0,990,0,0,500,0.6,1000,0.2,1400,0.2,0
0,1,767,0,0,500,0.6,1000,0.2,1400,0.2,1
0,2,823,2,10,5,0,300,0.5,1700,0.5,2
0,3,272,2,10,5,0,300,0.5,1700,0.5,2
0,4,568,0,0,500,0.6,1000,0.2,1400,0.2,1
0,5,640,1,0,300,0.5,1700,0.5,2
0,6,331,1,0,500,0.6,1000,0.2,1400,0.2,2
0,7,466,0,0,500,0.6,1000,0.2,1400,0.2,2
0,8,943,1,0,500,0.6,1000,0.2,1400,0.2,1
0,9,598,0,0,500,0.6,1000,0.2,1400,0.2,0
1,0,386,0,0,300,0.5,1700,0.5,0
1,1,814,0,0,500,0.6,1000,0.2,1400,0.2,0
1,2,890,1,0,500,0.6,1000,0.2,1400,0.2,2
1,3,966,0,0,500,0.6,1000,0.2,1400,0.2,2
1,4,72,1,0,300,0.5,1700,0.5,0
1,5,129,0,0,300,0.5,1700,0.5,1
1,6,833,2,10,5,0,500,0.6,1000,0.2,1400,0.2,0
1,7,160,0,0,500,0.6,1000,0.2,1400,0.2,2
1,8,564,2,10,5,0,300,0.5,1700,0.5,1
1,9,988,0,0,300,0.5,1700,0.5,1
2,0,286,0,0,300,0.5,1700,0.5,2
2,1,750,1,0,300,0.5,1700,0.5,0
2,2,393,0,0,500,0.6,1000,0.2,1400,0.2,1
2,3,651,2,10,5,0,500,0.6,1000,0.2,1400,0.2,1
2,4,957,1,0,300,0.5,1700,0.5,1
2,5,555,0,0,500,0.6,1000,0.2,1400,0.2,1
2,6,306,0,0,300,0.5,1700,0.5,1
2,7,494,1,0,300,0.5,1700,0.5,1
2,8,391,1,0,300,0.5,1700,0.5,1
2,9,616,0,0,300,0.5,1700,0.5,0
3,0,10,2,10,5,0,500,0.6,1000,0.2,1400,0.2,0
3,1,275,0,0,300,0.5,1700,0.5,0
3,2,102,2,10,5,0,300,0.5,1700,0.5,2
3,3,783,1,0,500,0.6,1000,0.2,1400,0.2,0
3,4,258,0,0,500,0.6,1000,0.2,1400,0.2,2
3,5,104,0,0,300,0.5,1700,0.5,1
3,6,281,2,10,5,0,300,0.5,1700,0.5,2
3,7,172,1,0,300,0.5,1700,0.5,0
3,8,340,0,0,500,0.6,1000,0.2,1400,0.2,2
3,9,625,0,0,500,0.6,1000,0.2,1400,0.2,0
4,0,170,1,0,500,0.6,1000,0.2,1400,0.2,2
4,1,454,0,0,500,0.6,1000,0.2,1400,0.2,0
4,2,48,2,10,5,0,500,0.6,1000,0.2,1400,0.2,1
4,3,26,0,0,300,0.5,1700,0.5,0
4,4,171,2,10,5,0,500,0.6,1000,0.2,1400,0.2,2
4,5,399,0,0,500,0.6,1000,0.2,1400,0.2,1
4,6,41,1,0,300,0.5,1700,0.5,0
4,7,796,1,0,500,0.6,1000,0.2,1400,0.2,2
4,8,463,1,0,300,0.5,1700,0.5,1
4,9,824,1,0,500,0.6,1000,0.2,1400,0.2,0
5,0,600,0,0,300,0.5,1700,0.5,2
5,1,799,0,0,300,0.5,1700,0.5,1
5,2,722,0,0,500,0.6,1000,0.2,1400,0.2,1
5,3,176,0,0,500,0.6,1000,0.2,1400,0.2,2
5,4,829,0,0,500,0.6,1000,0.2,1400,0.2,1
5,5,175,0,0,500,0.6,1000,0.2,1400,0.2,2
5,6,489,1,0,500,0.6,1000,0.2,1400,0.2,1
5,7,345,1,0,500,0.6,1000,0.2,1400,0.2,2
5,8,511,1,0,300,0.5,1700,0.5,0
5,9,246,2,10,5,0,300,0.5,1700,0.5,1
6,0,553,0,0,500,0.6,1000,0.2,1400,0.2,2
6,1,171,1,0,500,0.6,1000,0.2,1400,0.2,0
6,2,139,2,10,5,0,500,0.6,1000,0.2,1400,0.2,1
6,3,216,1,0,300,0.5,1700,0.5,0
6,4,758,0,0,500,0.6,1000,0.2,1400,0.2,0
6,5,642,1,0,500,0.6,1000,0.2,1400,0.2,0
6,6,889,0,0,300,0.5,1700,0.5,2
6,7,148,2,10,5,0,300,0.5,1700,0.5,1
6,8,930,2,10,5,0,300,0.5,1700,0.5,0
6,9,575,1,0,500,0.6,1000,0.2,1400,0.2,1
7,0,814,1,0,500,0.6,1000,0.2,1400,0.2,1
7,1,689,2,10,5,0,300,0.5,1700,0.5,0
7,2,71,1,0,500,0.6,1000,0.2,1400,0.2,2
7,3,453,0,0,300,0.5,1700,0.5,2
7,4,539,1,0,500,0.6,1000,0.2,1400,0.2,2
7,5,370,0,0,500,0.6,1000,0.2,1400,0.2,2
7,6,286,1,0,300,0.5,1700,0.5,0
7,7,828,1,0,500,0.6,1000,0.2,1400,0.2,1
7,8,954,0,0,500,0.6,1000,0.2,1400,0.2,0
7,9,981,2,10,5,0,300,0.5,1700,0.5,2
8,0,899,0,0,500,0.6,1000,0.2,1400,0.2,0
8,1,790,1,0,500,0.6,1000,0.2,1400,0.2,0
8,2,132,1,0,500,0.6,1000,0.2,1400,0.2,2
8,3,196,0,0,300,0.5,1700,0.5,0
8,4,774,0,0,500,0.6,1000,0.2,1400,0.2,2
8,5,921,2,10,5,0,300,0.5,1700,0.5,1
8,6,149,0,0,500,0.6,1000,0.2,1400,0.2,1
8,7,925,1,0,500,0.6,1000,0.2,1400,0.2,0
8,8,702,1,0,500,0.6,1000,0.2,1400,0.2,1
8,9,633,2,10,5,0,500,0.6,1000,0.2,1400,0.2,2
9,0,348,1,0,500,0.6,1000,0.2,1400,0.2,2
9,1,632,0,0,300,0.5,1700,0.5,1
9,2,320,2,10,5,0,300,0.5,1700,0.5,0
9,3,318,0,0,500,0.6,1000,0.2,1400,0.2,1
9,4,653,1,0,500,0.6,1000,0.2,1400,0.2,1
9,5,740,0,0,500,0.6,1000,0.2,1400,0.2,0
9,6,355,0,0,500,0.6,1000,0.2,1400,0.2,1
9,7,514,1,0,500,0.6,1000,0.2,1400,0.2,2
9,8,247,1,0,300,0.5,1700,0.5,1
9,9,435,2,10,5,0,300,0.5,1700,0.5,2
