0,0,709,1,0,500,0.6,1000,0.2,1400,0.2,0
0,1,433,2,10,5,0,500,0.6,1000,0.2,1400,0.2,2
0,2,147,0,0,300,0.5,1700,0.5,0
0,3,303,0,0,300,0.5,1700,0.5,0
0,4,446,1,0,300,0.5,1700,0.5,0
0,5,60,0,0,500,0.6,1000,0.2,1400,0.2,2
0,6,49,1,0,500,0.6,1000,0.2,1400,0.2,0
0,7,832,1,0,500,0.6,1000,0.2,1400,0.2,1
0,8,795,1,0,300,0.5,1700,0.5,0
0,9,351,2,10,5,0,500,0.6,1000,0.2,1400,0.2,0
1,0,240,1,0,300,0.5,1700,0.5,0
1,1,912,1,0,300,0.5,1700,0.5,2
1,2,681,2,10,5,0,500,0.6,1000,0.2,1400,0.2,2
1,3,569,0,0,500,0.6,1000,0.2,1400,0.2,1
1,4,868,0,0,300,0.5,1700,0.5,1
1,5,130,0,0,300,0.5,1700,0.5,2
1,6,530,0,0,500,0.6,1000,0.2,1400,0.2,0
1,7,457,2,10,5,0,500,0.6,1000,0.2,1400,0.2,0
1,8,923,0,0,500,0.6,1000,0.2,1400,0.2,0
1,9,755,2,10,5,0,500,0.6,1000,0.2,1400,0.2,0
2,0,819,2,10,5,0,300,0.5,1700,0.5,2
2,1,719,0,0,300,0.5,1700,0.5,1
2,2,795,0,0,500,0.6,1000,0.2,1400,0.2,2
2,3,917,1,0,300,0.5,1700,0.5,1
2,4,719,0,0,500,0.6,1000,0.2,1400,0.2,2
2,5,587,0,0,300,0.5,1700,0.5,1
2,6,195,1,0,300,0.5,1700,0.5,2
2,7,325,1,0,300,0.5,1700,0.5,2
2,8,910,2,10,5,0,500,0.6,1000,0.2,1400,0.2,1
2,9,736,0,0,500,0.6,1000,0.2,1400,0.2,1
3,0,404,0,0,500,0.6,1000,0.2,1400,0.2,2
3,1,888,0,0,500,0.6,1000,0.2,1400,0.2,2
3,2,296,2,10,5,0,300,0.5,1700,0.5,1
3,3,699,1,0,300,0.5,1700,0.5,1
3,4,810,2,10,5,0,500,0.6,1000,0.2,1400,0.2,1
3,5,500,0,0,500,0.6,1000,0.2,1400,0.2,2
3,6,291,0,0,500,0.6,1000,0.2,1400,0.2,0
3,7,86,2,10,5,0,300,0.5,1700,0.5,1
3,8,941,0,0,500,0.6,1000,0.2,1400,0.2,0
3,9,458,2,10,5,0,500,0.6,1000,0.2,1400,0.2,1
4,0,219,2,10,5,0,300,0.5,1700,0.5,0
4,1,377,2,10,5,0,300,0.5,1700,0.5,1
4,2,191,1,0,500,0.6,1000,0.2,1400,0.2,1
4,3,101,2,10,5,0,300,0.5,1700,0.5,2
4,4,815,2,10,5,0,500,0.6,1000,0.2,1400,0.2,1
4,5,84,1,0,500,0.6,1000,0.2,1400,0.2,2
4,6,987,1,0,300,0.5,1700,0.5,2
4,7,18,2,10,5,0,300,0.5,1700,0.5,1
4,8,464,1,0,500,0.6,1000,0.2,1400,0.2,0
4,9,656,2,10,5,0,500,0.6,1000,0.2,1400,0.2,1
5,0,180,2,10,5,0,300,0.5,1700,0.5,1
5,1,999,1,0,500,0.6,1000,0.2,1400,0.2,1
5,2,305,0,0,500,0.6,1000,0.2,1400,0.2,0
5,3,299,1,0,300,0.5,1700,0.5,0
5,4,722,0,0,500,0.6,1000,0.2,1400,0.2,0
5,5,963,1,0,300,0.5,1700,0.5,0
5,6,618,0,0,500,0.6,1000,0.2,1400,0.2,1
5,7,368,0,0,500,0.6,1000,0.2,1400,0.2,1
5,8,967,2,10,5,0,500,0.6,1000,0.2,1400,0.2,1
5,9,265,1,0,500,0.6,1000,0.2,1400,0.2,2
6,0,862,1,0,500,0.6,1000,0.2,1400,0.2,0
6,1,323,1,0,500,0.6,1000,0.2,1400,0.2,2
6,2,505,2,10,5,0,500,0.6,1000,0.2,1400,0.2,2
6,3,505,1,0,300,0.5,1700,0.5,1
6,4,750,2,10,5,0,300,0.5,1700,0.5,1
6,5,623,0,0,500,0.6,1000,0.2,1400,0.2,1
6,6,45,2,10,5,0,500,0.6,1000,0.2,1400,0.2,2
6,7,113,2,10,5,0,500,0.6,1000,0.2,1400,0.2,2
6,8,613,1,0,300,0.5,1700,0.5,0
6,9,575,1,0,500,0.6,1000,0.2,1400,0.2,2
7,0,530,0,0,500,0.6,1000,0.2,1400,0.2,0
7,1,81,1,0,500,0.6,1000,0.2,1400,0.2,2
7,2,873,2,10,5,0,300,0.5,1700,0.5,2
7,3,233,2,10,5,0,300,0.5,1700,0.5,2
7,4,498,0,0,500,0.6,1000,0.2,1400,0.2,2
7,5,608,0,0,500,0.6,1000,0.2,1400,0.2,2
7,6,122,1,0,300,0.5,1700,0.5,1
7,7,982,1,0,300,0.5,1700,0.5,2
7,8,705,1,0,300,0.5,1700,0.5,2
7,9,765,1,0,500,0.6,1000,0.2,1400,0.2,2
8,0,53,2,10,5,0,500,0.6,1000,0.2,1400,0.2,0
8,1,819,0,0,300,0.5,1700,0.5,2
8,2,209,2,10,5,0,500,0.6,1000,0.2,1400,0.2,1
8,3,793,1,0,500,0.6,1000,0.2,1400,0.2,0
8,4,618,0,0,300,0.5,1700,0.5,0
8,5,73,2,10,5,0,500,0.6,1000,0.2,1400,0.2,0
8,6,283,0,0,300,0.5,1700,0.5,1
8,7,115,0,0,500,0.6,1000,0.2,1400,0.2,2
8,8,223,2,10,5,0,500,0.6,1000,0.2,1400,0.2,2
8,9,112,2,10,5,0,300,0.5,1700,0.5,0
9,0,414,2,10,5,0,500,0.6,1000,0.2,1400,0.2,2
9,1,986,1,0,500,0.6,1000,0.2,1400,0.2,0
9,2,526,2,10,5,0,500,0.6,1000,0.2,1400,0.2,2
9,3,994,2,10,5,0,300,0.5,1700,0.5,2
9,4,86,0,0,300,0.5,1700,0.5,2
9,5,269,2,10,5,0,300,0.5,1700,0.5,0
9,6,679,0,0,300,0.5,1700,0.5,1
9,7,207,2,10,5,0,300,0.5,1700,0.5,1
9,8,605,0,0,300,0.5,1700,0.5,2
9,9,404,1,0,300,0.5,1700,0.5,2
