0,0,963,2,10,5,0,500,0.6,1000,0.2,1400,0.2,0
0,1,734,1,0,300,0.5,1700,0.5,2
0,2,399,0,0,300,0.5,1700,0.5,0
0,3,985,0,0,500,0.6,1000,0.2,1400,0.2,1
0,4,485,2,10,5,0,300,0.5,1700,0.5,2
0,5,805,2,10,5,0,500,0.6,1000,0.2,1400,0.2,0
0,6,182,0,0,300,0.5,1700,0.5,0
0,7,231,0,0,500,0.6,1000,0.2,1400,0.2,0
0,8,791,0,0,300,0.5,1700,0.5,1
0,9,180,0,0,300,0.5,1700,0.5,0
1,0,150,0,0,500,0.6,1000,0.2,1400,0.2,1
1,1,749,1,0,500,0.6,1000,0.2,1400,0.2,1
1,2,735,1,0,500,0.6,1000,0.2,1400,0.2,0
1,3,506,2,10,5,0,300,0.5,1700,0.5,1
1,4,142,0,0,500,0.6,1000,0.2,1400,0.2,2
1,5,250,2,10,5,0,500,0.6,1000,0.2,1400,0.2,0
1,6,84,2,10,5,0,300,0.5,1700,0.5,2
1,7,524,1,0,300,0.5,1700,0.5,2
1,8,778,0,0,500,0.6,1000,0.2,1400,0.2,0
1,9,80,0,0,300,0.5,1700,0.5,2
2,0,938,1,0,300,0.5,1700,0.5,0
2,1,280,2,10,5,0,500,0.6,1000,0.2,1400,0.2,1
2,2,748,2,10,5,0,500,0.6,1000,0.2,1400,0.2,1
2,3,512,0,0,500,0.6,1000,0.2,1400,0.2,0
2,4,616,2,10,5,0,500,0.6,1000,0.2,1400,0.2,0
2,5,936,2,10,5,0,500,0.6,1000,0.2,1400,0.2,1
2,6,157,2,10,5,0,300,0.5,1700,0.5,0
2,7,833,1,0,500,0.6,1000,0.2,1400,0.2,0
2,8,557,1,0,300,0.5,1700,0.5,1
2,9,837,1,0,300,0.5,1700,0.5,0
3,0,707,0,0,500,0.6,1000,0.2,1400,0.2,2
3,1,373,0,0,500,0.6,1000,0.2,1400,0.2,1
3,2,896,0,0,500,0.6,1000,0.2,1400,0.2,2
3,3,202,0,0,300,0.5,1700,0.5,2
3,4,447,2,10,5,0,300,0.5,1700,0.5,0
3,5,738,2,10,5,0,300,0.5,1700,0.5,1
3,6,137,1,0,500,0.6,1000,0.2,1400,0.2,2
3,7,779,2,10,5,0,300,0.5,1700,0.5,1
3,8,549,2,10,5,0,500,0.6,1000,0.2,1400,0.2,2
3,9,601,1,0,300,0.5,1700,0.5,1
4,0,38,1,0,300,0.5,1700,0.5,0
4,1,54,0,0,300,0.5,1700,0.5,0
4,2,165,1,0,500,0.6,1000,0.2,1400,0.2,2
4,3,783,0,0,500,0.6,1000,0.2,1400,0.2,0
4,4,822,2,10,5,0,500,0.6,1000,0.2,1400,0.2,0
4,5,604,2,10,5,0,300,0.5,1700,0.5,2
4,6,36,2,10,5,0,500,0.6,1000,0.2,1400,0.2,0
4,7,874,2,10,5,0,300,0.5,1700,0.5,1
4,8,136,2,10,5,0,500,0.6,1000,0.2,1400,0.2,2
4,9,938,0,0,300,0.5,1700,0.5,0
5,0,621,0,0,500,0.6,1000,0.2,1400,0.2,0
5,1,916,2,10,5,0,300,0.5,1700,0.5,2
5,2,937,2,10,5,0,300,0.5,1700,0.5,0
5,3,348,2,10,5,0,500,0.6,1000,0.2,1400,0.2,0
5,4,545,0,0,300,0.5,1700,0.5,2
5,5,976,0,0,500,0.6,1000,0.2,1400,0.2,0
5,6,462,1,0,300,0.5,1700,0.5,1
5,7,651,1,0,500,0.6,1000,0.2,1400,0.2,0
5,8,135,0,0,500,0.6,1000,0.2,1400,0.2,0
5,9,207,2,10,5,0,300,0.5,1700,0.5,0
6,0,534,1,0,300,0.5,1700,0.5,1
6,1,724,0,0,500,0.6,1000,0.2,1400,0.2,0
6,2,178,1,0,300,0.5,1700,0.5,2
6,3,240,1,0,500,0.6,1000,0.2,1400,0.2,2
6,4,977,1,0,300,0.5,1700,0.5,2
6,5,922,2,10,5,0,300,0.5,1700,0.5,1
6,6,375,0,0,500,0.6,1000,0.2,1400,0.2,0
6,7,384,0,0,300,0.5,1700,0.5,2
6,8,834,0,0,500,0.6,1000,0.2,1400,0.2,0
6,9,69,2,10,5,0,300,0.5,1700,0.5,0
7,0,383,2,10,5,0,500,0.6,1000,0.2,1400,0.2,1
7,1,633,1,0,500,0.6,1000,0.2,1400,0.2,2
7,2,24,2,10,5,0,500,0.6,1000,0.2,1400,0.2,1
7,3,559,2,10,5,0,300,0.5,1700,0.5,2
7,4,35,1,0,500,0.6,1000,0.2,1400,0.2,1
7,5,375,1,0,500,0.6,1000,0.2,1400,0.2,1
7,6,738,2,10,5,0,500,0.6,1000,0.2,1400,0.2,0
7,7,656,0,0,500,0.6,1000,0.2,1400,0.2,2
7,8,618,1,0,300,0.5,1700,0.5,2
7,9,244,0,0,300,0.5,1700,0.5,2
8,0,470,1,0,300,0.5,1700,0.5,0
8,1,407,1,0,300,0.5,1700,0.5,2
8,2,711,1,0,500,0.6,1000,0.2,1400,0.2,0
8,3,361,1,0,300,0.5,1700,0.5,2
8,4,814,2,10,5,0,300,0.5,1700,0.5,2
8,5,762,2,10,5,0,300,0.5,1700,0.5,2
8,6,528,0,0,500,0.6,1000,0.2,1400,0.2,1
8,7,563,0,0,300,0.5,1700,0.5,1
8,8,342,2,10,5,0,500,0.6,1000,0.2,1400,0.2,2
8,9,199,2,10,5,0,500,0.6,1000,0.2,1400,0.2,1
9,0,948,1,0,500,0.6,1000,0.2,1400,0.2,0
9,1,493,1,0,300,0.5,1700,0.5,0
9,2,178,2,10,5,0,300,0.5,1700,0.5,0
9,3,771,1,0,500,0.6,1000,0.2,1400,0.2,2
9,4,532,2,10,5,0,300,0.5,1700,0.5,0
9,5,639,0,0,300,0.5,1700,0.5,2
9,6,859,0,0,300,0.5,1700,0.5,0
9,7,584,0,0,500,0.6,1000,0.2,1400,0.2,1
9,8,169,1,0,300,0.5,1700,0.5,1
9,9,629,2,10,5,0,500,0.6,1000,0.2,1400,0.2,1
