0,0,845,0,0,300,0.5,1700,0.5,0
0,1,186,0,0,500,0.6,1000,0.2,1400,0.2,2
0,2,627,2,10,5,0,500,0.6,1000,0.2,1400,0.2,0
0,3,178,0,0,500,0.6,1000,0.2,1400,0.2,2
0,4,997,0,0,300,0.5,1700,0.5,1
0,5,547,0,0,300,0.5,1700,0.5,0
0,6,733,1,0,500,0.6,1000,0.2,1400,0.2,1
0,7,800,1,0,500,0.6,1000,0.2,1400,0.2,2
0,8,683,1,0,500,0.6,1000,0.2,1400,0.2,1
0,9,832,2,10,5,0,500,0.6,1000,0.2,1400,0.2,2
1,0,772,1,0,300,0.5,1700,0.5,0
1,1,902,1,0,500,0.6,1000,0.2,1400,0.2,2
1,2,881,1,0,500,0.6,1000,0.2,1400,0.2,2
1,3,367,1,0,500,0.6,1000,0.2,1400,0.2,2
1,4,832,1,0,300,0.5,1700,0.5,2
1,5,992,2,10,5,0,500,0.6,1000,0.2,1400,0.2,2
1,6,296,1,0,500,0.6,1000,0.2,1400,0.2,2
1,7,395,2,10,5,0,300,0.5,1700,0.5,2
1,8,576,0,0,300,0.5,1700,0.5,0
1,9,318,1,0,300,0.5,1700,0.5,2
2,0,360,0,0,500,0.6,1000,0.2,1400,0.2,2
2,1,424,2,10,5,0,500,0.6,1000,0.2,1400,0.2,1
2,2,334,1,0,500,0.6,1000,0.2,1400,0.2,0
2,3,548,1,0,500,0.6,1000,0.2,1400,0.2,2
2,4,252,1,0,500,0.6,1000,0.2,1400,0.2,2
2,5,700,0,0,500,0.6,1000,0.2,1400,0.2,2
2,6,912,0,0,500,0.6,1000,0.2,1400,0.2,1
2,7,925,0,0,500,0.6,1000,0.2,1400,0.2,1
2,8,740,2,10,5,0,300,0.5,1700,0.5,0
2,9,173,0,0,500,0.6,1000,0.2,1400,0.2,2
3,0,502,1,0,300,0.5,1700,0.5,0
3,1,146,2,10,5,0,300,0.5,1700,0.5,1
3,2,900,1,0,300,0.5,1700,0.5,0
3,3,220,1,0,500,0.6,1000,0.2,1400,0.2,2
3,4,299,0,0,300,0.5,1700,0.5,2
3,5,245,2,10,5,0,500,0.6,1000,0.2,1400,0.2,2
3,6,852,2,10,5,0,500,0.6,1000,0.2,1400,0.2,0
3,7,343,1,0,300,0.5,1700,0.5,0
3,8,588,1,0,500,0.6,1000,0.2,1400,0.2,2
3,9,545,2,10,5,0,300,0.5,1700,0.5,0
4,0,576,0,0,500,0.6,1000,0.2,1400,0.2,1
4,1,210,0,0,300,0.5,1700,0.5,2
4,2,132,2,10,5,0,500,0.6,1000,0.2,1400,0.2,0
4,3,651,1,0,300,0.5,1700,0.5,1
4,4,772,2,10,5,0,300,0.5,1700,0.5,1
4,5,353,0,0,300,0.5,1700,0.5,1
4,6,338,2,10,5,0,300,0.5,1700,0.5,2
4,7,876,0,0,300,0.5,1700,0.5,2
4,8,893,1,0,500,0.6,1000,0.2,1400,0.2,1
4,9,552,1,0,500,0.6,1000,0.2,1400,0.2,1
5,0,503,1,0,300,0.5,1700,0.5,1
5,1,759,2,10,5,0,300,0.5,1700,0.5,0
5,2,769,0,0,500,0.6,1000,0.2,1400,0.2,2
5,3,962,0,0,300,0.5,1700,0.5,1
5,4,653,2,10,5,0,500,0.6,1000,0.2,1400,0.2,2
5,5,30,0,0,500,0.6,1000,0.2,1400,0.2,2
5,6,939,0,0,300,0.5,1700,0.5,1
5,7,625,2,10,5,0,300,0.5,1700,0.5,2
5,8,446,0,0,500,0.6,1000,0.2,1400,0.2,0
5,9,545,0,0,300,0.5,1700,0.5,2
6,0,765,2,10,5,0,300,0.5,1700,0.5,0
6,1,621,1,0,500,0.6,1000,0.2,1400,0.2,1
6,2,357,1,0,300,0.5,1700,0.5,0
6,3,530,1,0,500,0.6,1000,0.2,1400,0.2,1
6,4,65,2,10,5,0,500,0.6,1000,0.2,1400,0.2,2
6,5,790,0,0,500,0.6,1000,0.2,1400,0.2,1
6,6,958,0,0,500,0.6,1000,0.2,1400,0.2,2
6,7,745,0,0,500,0.6,1000,0.2,1400,0.2,1
6,8,182,0,0,300,0.5,1700,0.5,2
6,9,390,0,0,300,0.5,1700,0.5,1
7,0,500,0,0,300,0.5,1700,0.5,2
7,1,383,2,10,5,0,300,0.5,1700,0.5,1
7,2,218,2,10,5,0,300,0.5,1700,0.5,2
7,3,963,1,0,500,0.6,1000,0.2,1400,0.2,0
7,4,886,0,0,300,0.5,1700,0.5,2
7,5,714,1,0,300,0.5,1700,0.5,2
7,6,15,2,10,5,0,300,0.5,1700,0.5,0
7,7,641,1,0,500,0.6,1000,0.2,1400,0.2,0
7,8,919,0,0,500,0.6,1000,0.2,1400,0.2,1
7,9,462,2,10,5,0,300,0.5,1700,0.5,1
8,0,140,0,0,300,0.5,1700,0.5,2
8,1,300,1,0,500,0.6,1000,0.2,1400,0.2,0
8,2,68,0,0,500,0.6,1000,0.2,1400,0.2,1
8,3,348,1,0,500,0.6,1000,0.2,1400,0.2,1
8,4,729,2,10,5,0,300,0.5,1700,0.5,0
8,5,346,2,10,5,0,500,0.6,1000,0.2,1400,0.2,0
8,6,426,2,10,5,0,300,0.5,1700,0.5,2
8,7,962,0,0,500,0.6,1000,0.2,1400,0.2,2
8,8,389,0,0,300,0.5,1700,0.5,2
8,9,47,0,0,500,0.6,1000,0.2,1400,0.2,0
9,0,788,2,10,5,0,300,0.5,1700,0.5,1
9,1,659,0,0,500,0.6,1000,0.2,1400,0.2,2
9,2,632,1,0,500,0.6,1000,0.2,1400,0.2,1
9,3,194,2,10,5,0,300,0.5,1700,0.5,1
9,4,1000,1,0,500,0.6,1000,0.2,1400,0.2,1
9,5,604,1,0,300,0.5,1700,0.5,0
9,6,402,0,0,300,0.5,1700,0.5,0
9,7,562,1,0,300,0.5,1700,0.5,2
9,8,420,2,10,5,0,500,0.6,1000,0.2,1400,0.2,2
9,9,737,2,10,5,0,300,0.5,1700,0.5,1
