0,0,937,0,0,500,0.6,1000,0.2,1400,0.2,0
0,1,339,1,0,300,0.5,1700,0.5,0
0,2,906,0,0,500,0.6,1000,0.2,1400,0.2,2
0,3,141,2,10,5,0,500,0.6,1000,0.2,1400,0.2,2
0,4,70,1,0,500,0.6,1000,0.2,1400,0.2,1
0,5,192,0,0,500,0.6,1000,0.2,1400,0.2,0
0,6,120,1,0,300,0.5,1700,0.5,1
0,7,518,1,0,500,0.6,1000,0.2,1400,0.2,0
0,8,981,1,0,300,0.5,1700,0.5,1
0,9,130,1,0,300,0.5,1700,0.5,1
1,0,269,1,0,300,0.5,1700,0.5,2
1,1,21,2,10,5,0,300,0.5,1700,0.5,2
1,2,922,1,0,500,0.6,1000,0.2,1400,0.2,2
1,3,107,1,0,500,0.6,1000,0.2,1400,0.2,1
1,4,891,2,10,5,0,500,0.6,1000,0.2,1400,0.2,2
1,5,166,1,0,500,0.6,1000,0.2,1400,0.2,2
1,6,941,1,0,300,0.5,1700,0.5,2
1,7,853,2,10,5,0,500,0.6,1000,0.2,1400,0.2,2
1,8,672,1,0,300,0.5,1700,0.5,0
1,9,200,1,0,300,0.5,1700,0.5,1
2,0,828,0,0,500,0.6,1000,0.2,1400,0.2,2
2,1,309,0,0,500,0.6,1000,0.2,1400,0.2,2
2,2,100,1,0,500,0.6,1000,0.2,1400,0.2,2
2,3,423,0,0,300,0.5,1700,0.5,1
2,4,50,1,0,500,0.6,1000,0.2,1400,0.2,2
2,5,839,2,10,5,0,500,0.6,1000,0.2,1400,0.2,1
2,6,501,2,10,5,0,500,0.6,1000,0.2,1400,0.2,0
2,7,839,0,0,500,0.6,1000,0.2,1400,0.2,1
2,8,485,1,0,500,0.6,1000,0.2,1400,0.2,1
2,9,222,1,0,500,0.6,1000,0.2,1400,0.2,2
3,0,334,2,10,5,0,300,0.5,1700,0.5,0
3,1,381,0,0,500,0.6,1000,0.2,1400,0.2,0
3,2,936,2,10,5,0,300,0.5,1700,0.5,2
3,3,643,1,0,300,0.5,1700,0.5,1
3,4,677,2,10,5,0,300,0.5,1700,0.5,0
3,5,249,2,10,5,0,500,0.6,1000,0.2,1400,0.2,1
3,6,536,2,10,5,0,300,0.5,1700,0.5,2
3,7,956,0,0,300,0.5,1700,0.5,1
3,8,452,0,0,500,0.6,1000,0.2,1400,0.2,2
3,9,967,0,0,500,0.6,1000,0.2,1400,0.2,1
4,0,735,2,10,5,0,500,0.6,1000,0.2,1400,0.2,0
4,1,171,0,0,300,0.5,1700,0.5,0
4,2,860,1,0,300,0.5,1700,0.5,2
4,3,788,1,0,300,0.5,1700,0.5,0
4,4,610,2,10,5,0,500,0.6,1000,0.2,1400,0.2,2
4,5,447,0,0,500,0.6,1000,0.2,1400,0.2,2
4,6,744,1,0,500,0.6,1000,0.2,1400,0.2,2
4,7,969,2,10,5,0,500,0.6,1000,0.2,1400,0.2,0
4,8,591,0,0,500,0.6,1000,0.2,1400,0.2,0
4,9,529,2,10,5,0,500,0.6,1000,0.2,1400,0.2,1
5,0,583,2,10,5,0,500,0.6,1000,0.2,1400,0.2,1
5,1,479,0,0,300,0.5,1700,0.5,2
5,2,651,0,0,500,0.6,1000,0.2,1400,0.2,2
5,3,24,2,10,5,0,300,0.5,1700,0.5,1
5,4,335,0,0,300,0.5,1700,0.5,2
5,5,974,1,0,500,0.6,1000,0.2,1400,0.2,2
5,6,298,1,0,300,0.5,1700,0.5,0
5,7,17,1,0,300,0.5,1700,0.5,0
5,8,306,0,0,300,0.5,1700,0.5,1
5,9,253,2,10,5,0,500,0.6,1000,0.2,1400,0.2,2
6,0,528,0,0,500,0.6,1000,0.2,1400,0.2,1
6,1,571,1,0,500,0.6,1000,0.2,1400,0.2,0
6,2,994,1,0,500,0.6,1000,0.2,1400,0.2,0
6,3,298,1,0,500,0.6,1000,0.2,1400,0.2,1
6,4,945,1,0,500,0.6,1000,0.2,1400,0.2,2
6,5,391,0,0,300,0.5,1700,0.5,0
6,6,438,0,0,300,0.5,1700,0.5,1
6,7,967,1,0,300,0.5,1700,0.5,1
6,8,406,1,0,300,0.5,1700,0.5,2
6,9,829,0,0,500,0.6,1000,0.2,1400,0.2,2
7,0,93,0,0,300,0.5,1700,0.5,1
7,1,946,0,0,500,0.6,1000,0.2,1400,0.2,1
7,2,164,0,0,500,0.6,1000,0.2,1400,0.2,0
7,3,503,0,0,500,0.6,1000,0.2,1400,0.2,1
7,4,29,2,10,5,0,300,0.5,1700,0.5,0
7,5,142,1,0,500,0.6,1000,0.2,1400,0.2,2
7,6,561,1,0,500,0.6,1000,0.2,1400,0.2,2
7,7,868,0,0,300,0.5,1700,0.5,2
7,8,541,1,0,500,0.6,1000,0.2,1400,0.2,1
7,9,474,1,0,300,0.5,1700,0.5,0
8,0,458,1,0,300,0.5,1700,0.5,0
8,1,347,0,0,300,0.5,1700,0.5,1
8,2,371,1,0,300,0.5,1700,0.5,1
8,3,535,1,0,300,0.5,1700,0.5,2
8,4,705,0,0,300,0.5,1700,0.5,2
8,5,672,2,10,5,0,500,0.6,1000,0.2,1400,0.2,1
8,6,911,0,0,300,0.5,1700,0.5,1
8,7,752,2,10,5,0,500,0.6,1000,0.2,1400,0.2,0
8,8,77,2,10,5,0,300,0.5,1700,0.5,0
8,9,161,2,10,5,0,300,0.5,1700,0.5,1
9,0,840,0,0,500,0.6,1000,0.2,1400,0.2,0
9,1,320,1,0,300,0.5,1700,0.5,0
9,2,503,0,0,300,0.5,1700,0.5,2
9,3,443,0,0,500,0.6,1000,0.2,1400,0.2,2
9,4,465,2,10,5,0,500,0.6,1000,0.2,1400,0.2,0
9,5,48,2,10,5,0,300,0.5,1700,0.5,0
9,6,226,2,10,5,0,300,0.5,1700,0.5,0
9,7,335,2,10,5,0,300,0.5,1700,0.5,0
9,8,339,0,0,500,0.6,1000,0.2,1400,0.2,1
9,9,352,0,0,500,0.6,1000,0.2,1400,0.2,1
