0,0,326,2,10,5,0,300,0.5,1700,0.5,0
0,1,41,1,0,500,0.6,1000,0.2,1400,0.2,2
0,2,254,1,0,500,0.6,1000,0.2,1400,0.2,1
0,3,420,2,10,5,0,500,0.6,1000,0.2,1400,0.2,1
0,4,794,2,10,5,0,500,0.6,1000,0.2,1400,0.2,2
0,5,61,1,0,300,0.5,1700,0.5,2
0,6,952,1,0,500,0.6,1000,0.2,1400,0.2,1
0,7,945,0,0,500,0.6,1000,0.2,1400,0.2,1
0,8,238,1,0,300,0.5,1700,0.5,2
0,9,777,0,0,300,0.5,1700,0.5,2
1,0,560,2,10,5,0,300,0.5,1700,0.5,1
1,1,987,0,0,300,0.5,1700,0.5,0
1,2,289,2,10,5,0,300,0.5,1700,0.5,1
1,3,483,0,0,300,0.5,1700,0.5,1
1,4,896,2,10,5,0,300,0.5,1700,0.5,1
1,5,269,1,0,500,0.6,1000,0.2,1400,0.2,2
1,6,841,2,10,5,0,300,0.5,1700,0.5,2
1,7,399,2,10,5,0,500,0.6,1000,0.2,1400,0.2,0
1,8,159,1,0,500,0.6,1000,0.2,1400,0.2,2
1,9,209,0,0,500,0.6,1000,0.2,1400,0.2,0
2,0,208,2,10,5,0,300,0.5,1700,0.5,2
2,1,819,0,0,500,0.6,1000,0.2,1400,0.2,2
2,2,358,0,0,500,0.6,1000,0.2,1400,0.2,1
2,3,856,2,10,5,0,500,0.6,1000,0.2,1400,0.2,1
2,4,332,1,0,300,0.5,1700,0.5,1
2,5,996,0,0,500,0.6,1000,0.2,1400,0.2,0
2,6,496,0,0,500,0.6,1000,0.2,1400,0.2,1
2,7,613,2,10,5,0,300,0.5,1700,0.5,2
2,8,225,0,0,300,0.5,1700,0.5,0
2,9,646,0,0,500,0.6,1000,0.2,1400,0.2,2
3,0,713,0,0,300,0.5,1700,0.5,2
3,1,567,2,10,5,0,500,0.6,1000,0.2,1400,0.2,1
3,2,217,2,10,5,0,300,0.5,1700,0.5,0
3,3,650,0,0,300,0.5,1700,0.5,1
3,4,46,2,10,5,0,300,0.5,1700,0.5,2
3,5,792,0,0,300,0.5,1700,0.5,0
3,6,370,1,0,500,0.6,1000,0.2,1400,0.2,1
3,7,233,0,0,300,0.5,1700,0.5,2
3,8,188,0,0,300,0.5,1700,0.5,1
3,9,836,1,0,300,0.5,1700,0.5,2
4,0,665,1,0,300,0.5,1700,0.5,0
4,1,719,2,10,5,0,300,0.5,1700,0.5,1
4,2,601,1,0,500,0.6,1000,0.2,1400,0.2,2
4,3,153,0,0,300,0.5,1700,0.5,0
4,4,634,2,10,5,0,500,0.6,1000,0.2,1400,0.2,2
4,5,195,0,0,500,0.6,1000,0.2,1400,0.2,1
4,6,784,0,0,500,0.6,1000,0.2,1400,0.2,1
4,7,266,2,10,5,0,300,0.5,1700,0.5,2
4,8,12,0,0,300,0.5,1700,0.5,1
4,9,765,0,0,300,0.5,1700,0.5,2
5,0,727,0,0,300,0.5,1700,0.5,1
5,1,952,2,10,5,0,500,0.6,1000,0.2,1400,0.2,0
5,2,809,2,10,5,0,300,0.5,1700,0.5,1
5,3,571,1,0,300,0.5,1700,0.5,1
5,4,239,2,10,5,0,300,0.5,1700,0.5,1
5,5,414,0,0,300,0.5,1700,0.5,1
5,6,815,1,0,500,0.6,1000,0.2,1400,0.2,2
5,7,720,0,0,500,0.6,1000,0.2,1400,0.2,0
5,8,278,0,0,500,0.6,1000,0.2,1400,0.2,1
5,9,916,2,10,5,0,500,0.6,1000,0.2,1400,0.2,1
6,0,957,1,0,500,0.6,1000,0.2,1400,0.2,0
6,1,423,1,0,500,0.6,1000,0.2,1400,0.2,1
6,2,807,1,0,500,0.6,1000,0.2,1400,0.2,1
6,3,553,2,10,5,0,300,0.5,1700,0.5,1
6,4,995,0,0,300,0.5,1700,0.5,1
6,5,475,0,0,500,0.6,1000,0.2,1400,0.2,2
6,6,714,0,0,300,0.5,1700,0.5,2
6,7,499,1,0,500,0.6,1000,0.2,1400,0.2,1
6,8,76,0,0,300,0.5,1700,0.5,1
6,9,165,0,0,300,0.5,1700,0.5,2
7,0,293,1,0,300,0.5,1700,0.5,0
7,1,426,0,0,300,0.5,1700,0.5,1
7,2,840,0,0,500,0.6,1000,0.2,1400,0.2,0
7,3,937,2,10,5,0,300,0.5,1700,0.5,0
7,4,561,1,0,500,0.6,1000,0.2,1400,0.2,1
7,5,295,0,0,300,0.5,1700,0.5,0
7,6,830,1,0,300,0.5,1700,0.5,0
7,7,515,0,0,500,0.6,1000,0.2,1400,0.2,0
7,8,167,1,0,500,0.6,1000,0.2,1400,0.2,1
7,9,974,0,0,500,0.6,1000,0.2,1400,0.2,2
8,0,325,0,0,500,0.6,1000,0.2,1400,0.2,2
8,1,182,0,0,300,0.5,1700,0.5,2
8,2,861,1,0,300,0.5,1700,0.5,2
8,3,679,0,0,500,0.6,1000,0.2,1400,0.2,2
8,4,211,1,0,300,0.5,1700,0.5,2
8,5,712,0,0,300,0.5,1700,0.5,1
8,6,875,0,0,500,0.6,1000,0.2,1400,0.2,1
8,7,970,2,10,5,0,500,0.6,1000,0.2,1400,0.2,0
8,8,555,0,0,300,0.5,1700,0.5,0
8,9,439,0,0,500,0.6,1000,0.2,1400,0.2,1
9,0,588,1,0,500,0.6,1000,0.2,1400,0.2,2
9,1,765,2,10,5,0,500,0.6,1000,0.2,1400,0.2,2
9,2,296,0,0,500,0.6,1000,0.2,1400,0.2,1
9,3,934,2,10,5,0,500,0.6,1000,0.2,1400,0.2,0
9,4,178,0,0,300,0.5,1700,0.5,0
9,5,903,1,0,500,0.6,1000,0.2,1400,0.2,1
9,6,14,2,10,5,0,500,0.6,1000,0.2,1400,0.2,1
9,7,965,2,10,5,0,300,0.5,1700,0.5,2
9,8,928,2,10,5,0,500,0.6,1000,0.2,1400,0.2,2
9,9,567,0,0,300,0.5,1700,0.5,1
