0,0,770,2,10,5,0,500,0.6,1000,0.2,1400,0.2,0
0,1,851,1,0,500,0.6,1000,0.2,1400,0.2,2
0,2,214,1,0,500,0.6,1000,0.2,1400,0.2,0
0,3,306,2,10,5,0,500,0.6,1000,0.2,1400,0.2,0
0,4,934,1,0,500,0.6,1000,0.2,1400,0.2,1
0,5,786,2,10,5,0,300,0.5,1700,0.5,1
0,6,399,0,0,300,0.5,1700,0.5,1
0,7,671,0,0,500,0.6,1000,0.2,1400,0.2,0
0,8,651,1,0,500,0.6,1000,0.2,1400,0.2,2
0,9,482,2,10,5,0,300,0.5,1700,0.5,0
1,0,519,0,0,500,0.6,1000,0.2,1400,0.2,1
1,1,374,1,0,300,0.5,1700,0.5,0
1,2,620,0,0,500,0.6,1000,0.2,1400,0.2,0
1,3,696,0,0,500,0.6,1000,0.2,1400,0.2,2
1,4,944,0,0,300,0.5,1700,0.5,1
1,5,389,1,0,300,0.5,1700,0.5,1
1,6,97,2,10,5,0,500,0.6,1000,0.2,1400,0.2,0
1,7,518,0,0,300,0.5,1700,0.5,1
1,8,78,1,0,300,0.5,1700,0.5,1
1,9,766,1,0,300,0.5,1700,0.5,1
2,0,385,1,0,300,0.5,1700,0.5,1
2,1,252,2,10,5,0,300,0.5,1700,0.5,1
2,2,34,0,0,500,0.6,1000,0.2,1400,0.2,1
2,3,191,2,10,5,0,300,0.5,1700,0.5,1
2,4,987,1,0,500,0.6,1000,0.2,1400,0.2,1
2,5,509,0,0,500,0.6,1000,0.2,1400,0.2,2
2,6,92,0,0,300,0.5,1700,0.5,1
2,7,826,1,0,300,0.5,1700,0.5,0
2,8,958,2,10,5,0,300,0.5,1700,0.5,2
2,9,362,2,10,5,0,500,0.6,1000,0.2,1400,0.2,0
3,0,792,2,10,5,0,300,0.5,1700,0.5,1
3,1,917,2,10,5,0,300,0.5,1700,0.5,2
3,2,832,0,0,500,0.6,1000,0.2,1400,0.2,1
3,3,822,0,0,500,0.6,1000,0.2,1400,0.2,0
3,4,376,2,10,5,0,300,0.5,1700,0.5,0
3,5,434,0,0,500,0.6,1000,0.2,1400,0.2,2
3,6,779,0,0,300,0.5,1700,0.5,0
3,7,654,1,0,300,0.5,1700,0.5,1
3,8,719,1,0,300,0.5,1700,0.5,1
3,9,600,2,10,5,0,500,0.6,1000,0.2,1400,0.2,1
4,0,827,1,0,500,0.6,1000,0.2,1400,0.2,0
4,1,473,1,0,500,0.6,1000,0.2,1400,0.2,0
4,2,631,0,0,500,0.6,1000,0.2,1400,0.2,0
4,3,251,1,0,300,0.5,1700,0.5,2
4,4,972,1,0,300,0.5,1700,0.5,1
4,5,486,1,0,300,0.5,1700,0.5,2
4,6,348,1,0,300,0.5,1700,0.5,2
4,7,847,2,10,5,0,300,0.5,1700,0.5,0
4,8,332,0,0,500,0.6,1000,0.2,1400,0.2,1
4,9,329,1,0,500,0.6,1000,0.2,1400,0.2,1
5,0,61,0,0,300,0.5,1700,0.5,2
5,1,537,0,0,300,0.5,1700,0.5,1
5,2,919,0,0,500,0.6,1000,0.2,1400,0.2,2
5,3,270,0,0,500,0.6,1000,0.2,1400,0.2,1
5,4,387,2,10,5,0,500,0.6,1000,0.2,1400,0.2,0
5,5,632,0,0,500,0.6,1000,0.2,1400,0.2,0
5,6,756,0,0,500,0.6,1000,0.2,1400,0.2,1
5,7,362,2,10,5,0,500,0.6,1000,0.2,1400,0.2,0
5,8,784,1,0,300,0.5,1700,0.5,2
5,9,136,1,0,500,0.6,1000,0.2,1400,0.2,1
6,0,791,1,0,300,0.5,1700,0.5,2
6,1,737,1,0,500,0.6,1000,0.2,1400,0.2,1
6,2,167,0,0,500,0.6,1000,0.2,1400,0.2,1
6,3,842,2,10,5,0,300,0.5,1700,0.5,1
6,4,780,0,0,300,0.5,1700,0.5,0
6,5,647,0,0,500,0.6,1000,0.2,1400,0.2,0
6,6,149,2,10,5,0,500,0.6,1000,0.2,1400,0.2,1
6,7,194,2,10,5,0,500,0.6,1000,0.2,1400,0.2,1
6,8,834,2,10,5,0,500,0.6,1000,0.2,1400,0.2,0
6,9,934,0,0,300,0.5,1700,0.5,2
7,0,817,2,10,5,0,500,0.6,1000,0.2,1400,0.2,0
7,1,806,1,0,500,0.6,1000,0.2,1400,0.2,1
7,2,38,0,0,500,0.6,1000,0.2,1400,0.2,2
7,3,784,1,0,500,0.6,1000,0.2,1400,0.2,2
7,4,308,1,0,300,0.5,1700,0.5,0
7,5,236,1,0,300,0.5,1700,0.5,0
7,6,63,2,10,5,0,300,0.5,1700,0.5,0
7,7,389,0,0,500,0.6,1000,0.2,1400,0.2,1
7,8,994,0,0,500,0.6,1000,0.2,1400,0.2,0
7,9,955,2,10,5,0,300,0.5,1700,0.5,1
8,0,813,1,0,300,0.5,1700,0.5,0
8,1,445,2,10,5,0,300,0.5,1700,0.5,1
8,2,543,1,0,300,0.5,1700,0.5,0
8,3,92,2,10,5,0,500,0.6,1000,0.2,1400,0.2,2
8,4,14,0,0,300,0.5,1700,0.5,0
8,5,905,0,0,300,0.5,1700,0.5,2
8,6,497,1,0,300,0.5,1700,0.5,1
8,7,915,0,0,300,0.5,1700,0.5,2
8,8,522,2,10,5,0,300,0.5,1700,0.5,2
8,9,409,0,0,300,0.5,1700,0.5,1
9,0,412,2,10,5,0,500,0.6,1000,0.2,1400,0.2,0
9,1,88,1,0,500,0.6,1000,0.2,1400,0.2,2
9,2,75,1,0,500,0.6,1000,0.2,1400,0.2,2
9,3,804,0,0,300,0.5,1700,0.5,1
9,4,453,2,10,5,0,300,0.5,1700,0.5,2
9,5,120,1,0,300,0.5,1700,0.5,1
9,6,369,2,10,5,0,300,0.5,1700,0.5,2
9,7,184,2,10,5,0,300,0.5,1700,0.5,2
9,8,112,1,0,300,0.5,1700,0.5,2
9,9,888,1,0,500,0.6,1000,0.2,1400,0.2,0
