0,0,325,1,0,500,0.6,1000,0.2,1400,0.2,2
0,1,627,1,0,500,0.6,1000,0.2,1400,0.2,2
0,2,72,1,0,500,0.6,1000,0.2,1400,0.2,0
0,3,717,1,0,300,0.5,1700,0.5,1
0,4,927,0,0,300,0.5,1700,0.5,0
0,5,334,1,0,500,0.6,1000,0.2,1400,0.2,1
0,6,857,1,0,300,0.5,1700,0.5,2
0,7,778,2,10,5,0,500,0.6,1000,0.2,1400,0.2,1
0,8,908,2,10,5,0,500,0.6,1000,0.2,1400,0.2,1
0,9,864,1,0,300,0.5,1700,0.5,2
1,0,28,2,10,5,0,300,0.5,1700,0.5,0
1,1,457,1,0,500,0.6,1000,0.2,1400,0.2,2
1,2,875,0,0,300,0.5,1700,0.5,2
1,3,325,0,0,500,0.6,1000,0.2,1400,0.2,0
1,4,957,0,0,300,0.5,1700,0.5,1
1,5,538,2,10,5,0,500,0.6,1000,0.2,1400,0.2,1
1,6,354,1,0,300,0.5,1700,0.5,2
1,7,421,0,0,500,0.6,1000,0.2,1400,0.2,1
1,8,415,1,0,500,0.6,1000,0.2,1400,0.2,2
1,9,853,0,0,500,0.6,1000,0.2,1400,0.2,1
2,0,487,2,10,5,0,500,0.6,1000,0.2,1400,0.2,1
2,1,902,2,10,5,0,500,0.6,1000,0.2,1400,0.2,2
2,2,422,2,10,5,0,300,0.5,1700,0.5,1
2,3,579,0,0,300,0.5,1700,0.5,0
2,4,626,0,0,300,0.5,1700,0.5,2
2,5,997,1,0,500,0.6,1000,0.2,1400,0.2,1
2,6,973,1,0,300,0.5,1700,0.5,1
2,7,169,1,0,500,0.6,1000,0.2,1400,0.2,2
2,8,418,2,10,5,0,300,0.5,1700,0.5,0
2,9,441,0,0,300,0.5,1700,0.5,1
3,0,226,2,10,5,0,300,0.5,1700,0.5,2
3,1,934,0,0,300,0.5,1700,0.5,0
3,2,670,1,0,300,0.5,1700,0.5,2
3,3,581,0,0,300,0.5,1700,0.5,2
3,4,942,1,0,300,0.5,1700,0.5,0
3,5,912,2,10,5,0,500,0.6,1000,0.2,1400,0.2,1
3,6,377,0,0,300,0.5,1700,0.5,2
3,7,466,1,0,500,0.6,1000,0.2,1400,0.2,2
3,8,202,0,0,500,0.6,1000,0.2,1400,0.2,0
3,9,974,0,0,300,0.5,1700,0.5,2
4,0,794,2,10,5,0,500,0.6,1000,0.2,1400,0.2,0
4,1,537,2,10,5,0,500,0.6,1000,0.2,1400,0.2,0
4,2,484,1,0,500,0.6,1000,0.2,1400,0.2,0
4,3,82,1,0,300,0.5,1700,0.5,0
4,4,753,1,0,300,0.5,1700,0.5,0
4,5,894,2,10,5,0,500,0.6,1000,0.2,1400,0.2,1
4,6,664,2,10,5,0,300,0.5,1700,0.5,1
4,7,756,1,0,300,0.5,1700,0.5,2
4,8,826,0,0,300,0.5,1700,0.5,2
4,9,451,1,0,300,0.5,1700,0.5,1
5,0,876,2,10,5,0,300,0.5,1700,0.5,0
5,1,521,0,0,500,0.6,1000,0.2,1400,0.2,0
5,2,453,2,10,5,0,300,0.5,1700,0.5,2
5,3,710,2,10,5,0,500,0.6,1000,0.2,1400,0.2,2
5,4,357,2,10,5,0,300,0.5,1700,0.5,2
5,5,787,0,0,300,0.5,1700,0.5,1
5,6,225,2,10,5,0,300,0.5,1700,0.5,0
5,7,693,2,10,5,0,500,0.6,1000,0.2,1400,0.2,2
5,8,813,1,0,500,0.6,1000,0.2,1400,0.2,2
5,9,51,2,10,5,0,300,0.5,1700,0.5,2
6,0,188,1,0,300,0.5,1700,0.5,0
6,1,290,1,0,500,0.6,1000,0.2,1400,0.2,0
6,2,98,0,0,300,0.5,1700,0.5,1
6,3,387,1,0,500,0.6,1000,0.2,1400,0.2,1
6,4,952,0,0,500,0.6,1000,0.2,1400,0.2,0
6,5,248,1,0,500,0.6,1000,0.2,1400,0.2,1
6,6,946,1,0,500,0.6,1000,0.2,1400,0.2,2
6,7,800,0,0,500,0.6,1000,0.2,1400,0.2,0
6,8,699,2,10,5,0,300,0.5,1700,0.5,2
6,9,922,1,0,500,0.6,1000,0.2,1400,0.2,0
7,0,747,2,10,5,0,300,0.5,1700,0.5,1
7,1,582,1,0,300,0.5,1700,0.5,0
7,2,538,0,0,300,0.5,1700,0.5,1
7,3,344,0,0,300,0.5,1700,0.5,1
7,4,999,0,0,500,0.6,1000,0.2,1400,0.2,1
7,5,783,2,10,5,0,500,0.6,1000,0.2,1400,0.2,2
7,6,302,1,0,500,0.6,1000,0.2,1400,0.2,0
7,7,967,1,0,500,0.6,1000,0.2,1400,0.2,1
7,8,833,0,0,500,0.6,1000,0.2,1400,0.2,2
7,9,110,1,0,500,0.6,1000,0.2,1400,0.2,2
8,0,917,2,10,5,0,500,0.6,1000,0.2,1400,0.2,2
8,1,91,1,0,300,0.5,1700,0.5,2
8,2,652,1,0,500,0.6,1000,0.2,1400,0.2,2
8,3,865,2,10,5,0,300,0.5,1700,0.5,1
8,4,126,0,0,300,0.5,1700,0.5,0
8,5,194,0,0,300,0.5,1700,0.5,1
8,6,117,2,10,5,0,300,0.5,1700,0.5,0
8,7,812,0,0,300,0.5,1700,0.5,2
8,8,379,1,0,300,0.5,1700,0.5,1
8,9,327,1,0,300,0.5,1700,0.5,0
9,0,551,0,0,300,0.5,1700,0.5,0
9,1,339,1,0,500,0.6,1000,0.2,1400,0.2,2
9,2,389,2,10,5,0,300,0.5,1700,0.5,1
9,3,461,2,10,5,0,300,0.5,1700,0.5,1
9,4,875,0,0,500,0.6,1000,0.2,1400,0.2,1
9,5,80,2,10,5,0,500,0.6,1000,0.2,1400,0.2,2
9,6,741,0,0,300,0.5,1700,0.5,0
9,7,576,1,0,500,0.6,1000,0.2,1400,0.2,0
9,8,223,2,10,5,0,500,0.6,1000,0.2,1400,0.2,2
9,9,200,2,10,5,0,300,0.5,1700,0.5,2
