0,0,519,2,10,5,0,500,0.6,1000,0.2,1400,0.2,1
0,1,557,2,10,5,0,300,0.5,1700,0.5,0
0,2,463,1,0,300,0.5,1700,0.5,2
0,3,783,1,0,500,0.6,1000,0.2,1400,0.2,0
0,4,355,1,0,500,0.6,1000,0.2,1400,0.2,0
0,5,290,0,0,300,0.5,1700,0.5,1
0,6,83,0,0,500,0.6,1000,0.2,1400,0.2,1
0,7,453,1,0,500,0.6,1000,0.2,1400,0.2,0
0,8,621,2,10,5,0,300,0.5,1700,0.5,1
0,9,180,2,10,5,0,500,0.6,1000,0.2,1400,0.2,1
1,0,433,0,0,500,0.6,1000,0.2,1400,0.2,2
1,1,823,0,0,300,0.5,1700,0.5,2
1,2,988,1,0,500,0.6,1000,0.2,1400,0.2,0
1,3,542,1,0,500,0.6,1000,0.2,1400,0.2,2
1,4,997,2,10,5,0,500,0.6,1000,0.2,1400,0.2,1
1,5,937,0,0,300,0.5,1700,0.5,2
1,6,224,1,0,300,0.5,1700,0.5,0
1,7,26,2,10,5,0,500,0.6,1000,0.2,1400,0.2,2
1,8,995,1,0,500,0.6,1000,0.2,1400,0.2,0
1,9,505,2,10,5,0,300,0.5,1700,0.5,2
2,0,786,2,10,5,0,500,0.6,1000,0.2,1400,0.2,0
2,1,267,2,10,5,0,300,0.5,1700,0.5,1
2,2,69,0,0,300,0.5,1700,0.5,0
2,3,536,0,0,300,0.5,1700,0.5,2
2,4,682,0,0,300,0.5,1700,0.5,1
2,5,670,2,10,5,0,500,0.6,1000,0.2,1400,0.2,0
2,6,384,0,0,500,0.6,1000,0.2,1400,0.2,1
2,7,601,1,0,300,0.5,1700,0.5,2
2,8,414,2,10,5,0,300,0.5,1700,0.5,0
2,9,782,2,10,5,0,500,0.6,1000,0.2,1400,0.2,0
3,0,895,1,0,500,0.6,1000,0.2,1400,0.2,0
3,1,426,0,0,500,0.6,1000,0.2,1400,0.2,1
3,2,868,0,0,500,0.6,1000,0.2,1400,0.2,2
3,3,58,1,0,500,0.6,1000,0.2,1400,0.2,1
3,4,428,2,10,5,0,300,0.5,1700,0.5,2
3,5,241,1,0,300,0.5,1700,0.5,2
3,6,913,2,10,5,0,300,0.5,1700,0.5,1
3,7,418,1,0,300,0.5,1700,0.5,0
3,8,175,2,10,5,0,500,0.6,1000,0.2,1400,0.2,2
3,9,295,2,10,5,0,300,0.5,1700,0.5,2
4,0,244,0,0,500,0.6,1000,0.2,1400,0.2,0
4,1,106,0,0,300,0.5,1700,0.5,2
4,2,67,0,0,300,0.5,1700,0.5,2
4,3,720,2,10,5,0,300,0.5,1700,0.5,1
4,4,39,1,0,500,0.6,1000,0.2,1400,0.2,0
4,5,835,0,0,500,0.6,1000,0.2,1400,0.2,2
4,6,64,1,0,500,0.6,1000,0.2,1400,0.2,1
4,7,911,1,0,300,0.5,1700,0.5,0
4,8,329,0,0,300,0.5,1700,0.5,1
4,9,599,0,0,500,0.6,1000,0.2,1400,0.2,1
5,0,210,0,0,500,0.6,1000,0.2,1400,0.2,1
5,1,620,0,0,300,0.5,1700,0.5,2
5,2,490,1,0,300,0.5,1700,0.5,2
5,3,890,2,10,5,0,300,0.5,1700,0.5,2
5,4,79,0,0,300,0.5,1700,0.5,2
5,5,976,1,0,500,0.6,1000,0.2,1400,0.2,0
5,6,82,1,0,500,0.6,1000,0.2,1400,0.2,1
5,7,764,2,10,5,0,300,0.5,1700,0.5,2
5,8,156,2,10,5,0,500,0.6,1000,0.2,1400,0.2,0
5,9,368,1,0,300,0.5,1700,0.5,1
6,0,770,0,0,300,0.5,1700,0.5,0
6,1,572,2,10,5,0,500,0.6,1000,0.2,1400,0.2,1
6,2,105,1,0,500,0.6,1000,0.2,1400,0.2,1
6,3,310,1,0,500,0.6,1000,0.2,1400,0.2,2
6,4,108,1,0,500,0.6,1000,0.2,1400,0.2,0
6,5,900,0,0,500,0.6,1000,0.2,1400,0.2,1
6,6,745,2,10,5,0,300,0.5,1700,0.5,2
6,7,822,2,10,5,0,500,0.6,1000,0.2,1400,0.2,1
6,8,467,2,10,5,0,500,0.6,1000,0.2,1400,0.2,0
6,9,890,0,0,300,0.5,1700,0.5,0
7,0,143,2,10,5,0,500,0.6,1000,0.2,1400,0.2,1
7,1,508,0,0,300,0.5,1700,0.5,1
7,2,604,0,0,500,0.6,1000,0.2,1400,0.2,0
7,3,368,0,0,300,0.5,1700,0.5,2
7,4,128,0,0,300,0.5,1700,0.5,0
7,5,195,2,10,5,0,500,0.6,1000,0.2,1400,0.2,1
7,6,495,0,0,500,0.6,1000,0.2,1400,0.2,1
7,7,94,0,0,500,0.6,1000,0.2,1400,0.2,0
7,8,56,1,0,500,0.6,1000,0.2,1400,0.2,1
7,9,853,1,0,300,0.5,1700,0.5,0
8,0,506,1,0,500,0.6,1000,0.2,1400,0.2,1
8,1,673,2,10,5,0,500,0.6,1000,0.2,1400,0.2,1
8,2,335,0,0,500,0.6,1000,0.2,1400,0.2,1
8,3,501,1,0,300,0.5,1700,0.5,1
8,4,460,1,0,300,0.5,1700,0.5,1
8,5,442,0,0,300,0.5,1700,0.5,0
8,6,360,0,0,300,0.5,1700,0.5,1
8,7,419,1,0,500,0.6,1000,0.2,1400,0.2,1
8,8,742,1,0,500,0.6,1000,0.2,1400,0.2,0
8,9,993,2,10,5,0,500,0.6,1000,0.2,1400,0.2,0
9,0,586,0,0,500,0.6,1000,0.2,1400,0.2,0
9,1,12,1,0,300,0.5,1700,0.5,1
9,2,126,1,0,300,0.5,1700,0.5,0
9,3,849,2,10,5,0,300,0.5,1700,0.5,0
9,4,783,1,0,300,0.5,1700,0.5,0
9,5,291,0,0,300,0.5,1700,0.5,1
9,6,400,1,0,300,0.5,1700,0.5,0
9,7,723,0,0,300,0.5,1700,0.5,2
9,8,512,0,0,300,0.5,1700,0.5,0
9,9,438,2,10,5,0,300,0.5,1700,0.5,2
