0,0,284,1,0,500,0.6,1000,0.2,1400,0.2,2
0,1,25,0,0,500,0.6,1000,0.2,1400,0.2,0
0,2,413,2,10,5,0,300,0.5,1700,0.5,1
0,3,908,1,0,300,0.5,1700,0.5,1
0,4,657,0,0,500,0.6,1000,0.2,1400,0.2,2
0,5,713,2,10,5,0,500,0.6,1000,0.2,1400,0.2,0
1,0,450,2,10,5,0,300,0.5,1700,0.5,2
1,1,934,1,0,500,0.6,1000,0.2,1400,0.2,1
1,2,299,1,0,300,0.5,1700,0.5,1
1,3,297,0,0,500,0.6,1000,0.2,1400,0.2,1
1,4,685,2,10,5,0,300,0.5,1700,0.5,2
1,5,370,2,10,5,0,500,0.6,1000,0.2,1400,0.2,2
2,0,755,0,0,300,0.5,1700,0.5,1
2,1,56,1,0,300,0.5,1700,0.5,2
2,2,136,2,10,5,0,300,0.5,1700,0.5,0
2,3,624,1,0,300,0.5,1700,0.5,0
2,4,823,0,0,300,0.5,1700,0.5,1
2,5,155,0,0,500,0.6,1000,0.2,1400,0.2,0
3,0,564,0,0,500,0.6,1000,0.2,1400,0.2,2
3,1,783,0,0,300,0.5,1700,0.5,2
3,2,584,1,0,300,0.5,1700,0.5,2
3,3,304,2,10,5,0,300,0.5,1700,0.5,2
3,4,200,1,0,300,0.5,1700,0.5,2
3,5,649,1,0,500,0.6,1000,0.2,1400,0.2,1
4,0,998,1,0,500,0.6,1000,0.2,1400,0.2,0
4,1,243,1,0,300,0.5,1700,0.5,1
4,2,414,0,0,500,0.6,1000,0.2,1400,0.2,1
4,3,10,2,10,5,0,300,0.5,1700,0.5,0
4,4,629,2,10,5,0,500,0.6,1000,0.2,1400,0.2,2
4,5,254,1,0,300,0.5,1700,0.5,1
5,0,661,0,0,500,0.6,1000,0.2,1400,0.2,1
5,1,524,1,0,500,0.6,1000,0.2,1400,0.2,1
5,2,661,1,0,500,0.6,1000,0.2,1400,0.2,0
5,3,574,0,0,300,0.5,1700,0.5,2
5,4,560,0,0,500,0.6,1000,0.2,1400,0.2,0
5,5,436,1,0,300,0.5,1700,0.5,0
