0,0,82,2,10,5,0,500,0.6,1000,0.2,1400,0.2,0
0,1,887,0,0,500,0.6,1000,0.2,1400,0.2,2
0,2,66,1,0,500,0.6,1000,0.2,1400,0.2,1
0,3,75,0,0,500,0.6,1000,0.2,1400,0.2,0
0,4,864,1,0,300,0.5,1700,0.5,2
0,5,664,1,0,500,0.6,1000,0.2,1400,0.2,1
1,0,839,0,0,300,0.5,1700,0.5,0
1,1,101,1,0,500,0.6,1000,0.2,1400,0.2,1
1,2,760,0,0,500,0.6,1000,0.2,1400,0.2,0
1,3,192,1,0,300,0.5,1700,0.5,1
1,4,662,0,0,500,0.6,1000,0.2,1400,0.2,0
1,5,803,2,10,5,0,500,0.6,1000,0.2,1400,0.2,2
2,0,398,2,10,5,0,500,0.6,1000,0.2,1400,0.2,1
2,1,589,1,0,300,0.5,1700,0.5,2
2,2,445,2,10,5,0,300,0.5,1700,0.5,0
2,3,187,0,0,500,0.6,1000,0.2,1400,0.2,0
2,4,590,2,10,5,0,300,0.5,1700,0.5,0
2,5,526,0,0,300,0.5,1700,0.5,1
3,0,190,0,0,300,0.5,1700,0.5,2
3,1,597,0,0,300,0.5,1700,0.5,1
3,2,410,0,0,500,0.6,1000,0.2,1400,0.2,1
3,3,829,2,10,5,0,500,0.6,1000,0.2,1400,0.2,0
3,4,701,1,0,500,0.6,1000,0.2,1400,0.2,0
3,5,984,1,0,500,0.6,1000,0.2,1400,0.2,2
4,0,719,0,0,300,0.5,1700,0.5,2
4,1,275,1,0,500,0.6,1000,0.2,1400,0.2,1
4,2,832,2,10,5,0,500,0.6,1000,0.2,1400,0.2,0
4,3,111,1,0,500,0.6,1000,0.2,1400,0.2,2
4,4,78,1,0,300,0.5,1700,0.5,1
4,5,287,1,0,500,0.6,1000,0.2,1400,0.2,0
5,0,843,2,10,5,0,300,0.5,1700,0.5,2
5,1,414,1,0,300,0.5,1700,0.5,1
5,2,301,2,10,5,0,300,0.5,1700,0.5,1
5,3,870,0,0,300,0.5,1700,0.5,1
5,4,785,2,10,5,0,300,0.5,1700,0.5,1
5,5,522,1,0,300,0.5,1700,0.5,2
