0,0,120,2,10,5,0,500,0.6,1000,0.2,1400,0.2,0
0,1,840,2,10,5,0,500,0.6,1000,0.2,1400,0.2,1
0,2,829,0,0,300,0.5,1700,0.5,0
0,3,679,1,0,500,0.6,1000,0.2,1400,0.2,0
0,4,775,0,0,500,0.6,1000,0.2,1400,0.2,2
0,5,314,0,0,500,0.6,1000,0.2,1400,0.2,2
1,0,299,1,0,300,0.5,1700,0.5,0
1,1,324,2,10,5,0,300,0.5,1700,0.5,2
1,2,589,2,10,5,0,500,0.6,1000,0.2,1400,0.2,2
1,3,113,1,0,500,0.6,1000,0.2,1400,0.2,2
1,4,969,0,0,500,0.6,1000,0.2,1400,0.2,2
1,5,553,0,0,500,0.6,1000,0.2,1400,0.2,2
2,0,564,0,0,500,0.6,1000,0.2,1400,0.2,0
2,1,175,2,10,5,0,500,0.6,1000,0.2,1400,0.2,1
2,2,653,1,0,300,0.5,1700,0.5,0
2,3,12,0,0,500,0.6,1000,0.2,1400,0.2,0
2,4,1000,0,0,500,0.6,1000,0.2,1400,0.2,1
2,5,171,2,10,5,0,500,0.6,1000,0.2,1400,0.2,1
3,0,364,0,0,300,0.5,1700,0.5,1
3,1,972,0,0,500,0.6,1000,0.2,1400,0.2,0
3,2,712,1,0,500,0.6,1000,0.2,1400,0.2,0
3,3,72,0,0,500,0.6,1000,0.2,1400,0.2,0
3,4,98,0,0,500,0.6,1000,0.2,1400,0.2,2
3,5,913,1,0,300,0.5,1700,0.5,1
4,0,825,0,0,500,0.6,1000,0.2,1400,0.2,2
4,1,661,2,10,5,0,500,0.6,1000,0.2,1400,0.2,1
4,2,160,2,10,5,0,500,0.6,1000,0.2,1400,0.2,1
4,3,967,0,0,500,0.6,1000,0.2,1400,0.2,2
4,4,705,1,0,300,0.5,1700,0.5,2
4,5,646,1,0,300,0.5,1700,0.5,2
5,0,319,0,0,500,0.6,1000,0.2,1400,0.2,0
5,1,103,0,0,500,0.6,1000,0.2,1400,0.2,0
5,2,791,2,10,5,0,300,0.5,1700,0.5,1
5,3,968,0,0,500,0.6,1000,0.2,1400,0.2,1
5,4,934,2,10,5,0,300,0.5,1700,0.5,0
5,5,109,1,0,300,0.5,1700,0.5,0
