0,0,708,2,10,5,0,300,0.5,1700,0.5,2
0,1,725,2,10,5,0,300,0.5,1700,0.5,0
0,2,936,2,10,5,0,500,0.6,1000,0.2,1400,0.2,0
0,3,200,2,10,5,0,500,0.6,1000,0.2,1400,0.2,0
0,4,96,2,10,5,0,300,0.5,1700,0.5,0
0,5,719,2,10,5,0,500,0.6,1000,0.2,1400,0.2,0
1,0,95,1,0,300,0.5,1700,0.5,0
1,1,898,0,0,300,0.5,1700,0.5,2
1,2,432,0,0,300,0.5,1700,0.5,2
1,3,537,1,0,300,0.5,1700,0.5,2
1,4,173,2,10,5,0,300,0.5,1700,0.5,0
1,5,875,0,0,300,0.5,1700,0.5,1
2,0,110,1,0,500,0.6,1000,0.2,1400,0.2,1
2,1,352,1,0,500,0.6,1000,0.2,1400,0.2,2
2,2,297,1,0,500,0.6,1000,0.2,1400,0.2,2
2,3,88,2,10,5,0,500,0.6,1000,0.2,1400,0.2,2
2,4,490,2,10,5,0,300,0.5,1700,0.5,0
2,5,205,1,0,300,0.5,1700,0.5,2
3,0,574,1,0,500,0.6,1000,0.2,1400,0.2,1
3,1,865,1,0,500,0.6,1000,0.2,1400,0.2,0
3,2,225,0,0,300,0.5,1700,0.5,0
3,3,417,0,0,500,0.6,1000,0.2,1400,0.2,2
3,4,239,2,10,5,0,500,0.6,1000,0.2,1400,0.2,1
3,5,984,2,10,5,0,500,0.6,1000,0.2,1400,0.2,0
4,0,889,2,10,5,0,500,0.6,1000,0.2,1400,0.2,2
4,1,524,1,0,300,0.5,1700,0.5,2
4,2,960,1,0,300,0.5,1700,0.5,2
4,3,759,0,0,500,0.6,1000,0.2,1400,0.2,1
4,4,947,0,0,500,0.6,1000,0.2,1400,0.2,1
4,5,349,0,0,500,0.6,1000,0.2,1400,0.2,0
5,0,312,1,0,300,0.5,1700,0.5,1
5,1,924,2,10,5,0,300,0.5,1700,0.5,1
5,2,735,1,0,300,0.5,1700,0.5,2
5,3,390,0,0,500,0.6,1000,0.2,1400,0.2,0
5,4,427,2,10,5,0,300,0.5,1700,0.5,2
5,5,425,2,10,5,0,500,0.6,1000,0.2,1400,0.2,1
