0,0,798,1,0,300,0.5,1700,0.5,2
0,1,414,0,0,300,0.5,1700,0.5,0
0,2,440,2,10,5,0,500,0.6,1000,0.2,1400,0.2,2
0,3,560,1,0,500,0.6,1000,0.2,1400,0.2,1
0,4,325,0,0,300,0.5,1700,0.5,2
0,5,500,2,10,5,0,300,0.5,1700,0.5,2
1,0,793,0,0,500,0.6,1000,0.2,1400,0.2,0
1,1,913,0,0,500,0.6,1000,0.2,1400,0.2,2
1,2,530,1,0,500,0.6,1000,0.2,1400,0.2,1
1,3,130,2,10,5,0,500,0.6,1000,0.2,1400,0.2,1
1,4,124,2,10,5,0,300,0.5,1700,0.5,0
1,5,510,1,0,500,0.6,1000,0.2,1400,0.2,0
2,0,478,2,10,5,0,300,0.5,1700,0.5,0
2,1,628,1,0,500,0.6,1000,0.2,1400,0.2,0
2,2,479,2,10,5,0,500,0.6,1000,0.2,1400,0.2,1
2,3,931,2,10,5,0,300,0.5,1700,0.5,0
2,4,586,0,0,500,0.6,1000,0.2,1400,0.2,1
2,5,375,1,0,300,0.5,1700,0.5,1
3,0,363,2,10,5,0,300,0.5,1700,0.5,1
3,1,920,0,0,300,0.5,1700,0.5,1
3,2,16,0,0,500,0.6,1000,0.2,1400,0.2,0
3,3,830,2,10,5,0,300,0.5,1700,0.5,0
3,4,470,1,0,500,0.6,1000,0.2,1400,0.2,1
3,5,254,1,0,500,0.6,1000,0.2,1400,0.2,2
4,0,943,2,10,5,0,300,0.5,1700,0.5,1
4,1,197,2,10,5,0,300,0.5,1700,0.5,1
4,2,867,1,0,500,0.6,1000,0.2,1400,0.2,1
4,3,70,1,0,300,0.5,1700,0.5,0
4,4,321,0,0,500,0.6,1000,0.2,1400,0.2,1
4,5,435,1,0,500,0.6,1000,0.2,1400,0.2,0
5,0,915,1,0,300,0.5,1700,0.5,2
5,1,504,2,10,5,0,500,0.6,1000,0.2,1400,0.2,2
5,2,755,1,0,300,0.5,1700,0.5,0
5,3,57,1,0,500,0.6,1000,0.2,1400,0.2,0
5,4,454,1,0,500,0.6,1000,0.2,1400,0.2,0
5,5,109,1,0,500,0.6,1000,0.2,1400,0.2,1
