0,0,419,2,10,5,0,300,0.5,1700,0.5,2
0,1,506,0,0,500,0.6,1000,0.2,1400,0.2,1
0,2,524,0,0,500,0.6,1000,0.2,1400,0.2,1
0,3,813,1,0,300,0.5,1700,0.5,1
0,4,706,0,0,300,0.5,1700,0.5,1
0,5,154,2,10,5,0,300,0.5,1700,0.5,1
1,0,148,0,0,300,0.5,1700,0.5,1
1,1,18,1,0,300,0.5,1700,0.5,1
1,2,174,0,0,500,0.6,1000,0.2,1400,0.2,2
1,3,781,0,0,300,0.5,1700,0.5,1
1,4,194,1,0,300,0.5,1700,0.5,2
1,5,399,2,10,5,0,500,0.6,1000,0.2,1400,0.2,2
2,0,760,0,0,300,0.5,1700,0.5,0
2,1,404,0,0,300,0.5,1700,0.5,0
2,2,648,0,0,300,0.5,1700,0.5,1
2,3,518,2,10,5,0,300,0.5,1700,0.5,2
2,4,703,1,0,300,0.5,1700,0.5,2
2,5,44,1,0,300,0.5,1700,0.5,0
3,0,592,0,0,500,0.6,1000,0.2,1400,0.2,1
3,1,412,2,10,5,0,500,0.6,1000,0.2,1400,0.2,0
3,2,437,0,0,300,0.5,1700,0.5,0
3,3,787,0,0,500,0.6,1000,0.2,1400,0.2,0
3,4,144,1,0,500,0.6,1000,0.2,1400,0.2,2
3,5,360,1,0,500,0.6,1000,0.2,1400,0.2,0
4,0,694,1,0,500,0.6,1000,0.2,1400,0.2,1
4,1,260,0,0,300,0.5,1700,0.5,2
4,2,719,0,0,300,0.5,1700,0.5,0
4,3,849,0,0,500,0.6,1000,0.2,1400,0.2,0
4,4,948,0,0,300,0.5,1700,0.5,0
4,5,669,2,10,5,0,300,0.5,1700,0.5,0
5,0,696,1,0,500,0.6,1000,0.2,1400,0.2,2
5,1,20,0,0,300,0.5,1700,0.5,2
5,2,107,2,10,5,0,500,0.6,1000,0.2,1400,0.2,0
5,3,732,2,10,5,0,500,0.6,1000,0.2,1400,0.2,2
5,4,439,1,0,500,0.6,1000,0.2,1400,0.2,1
5,5,89,0,0,500,0.6,1000,0.2,1400,0.2,1
