0,0,270,2,10,5,0,500,0.6,1000,0.2,1400,0.2,2
0,1,291,0,0,500,0.6,1000,0.2,1400,0.2,1
0,2,259,2,10,5,0,500,0.6,1000,0.2,1400,0.2,1
0,3,706,2,10,5,0,300,0.5,1700,0.5,1
0,4,735,1,0,300,0.5,1700,0.5,1
0,5,726,1,0,500,0.6,1000,0.2,1400,0.2,1
1,0,555,2,10,5,0,500,0.6,1000,0.2,1400,0.2,1
1,1,242,2,10,5,0,500,0.6,1000,0.2,1400,0.2,2
1,2,541,1,0,300,0.5,1700,0.5,0
1,3,292,2,10,5,0,500,0.6,1000,0.2,1400,0.2,2
1,4,92,1,0,300,0.5,1700,0.5,2
1,5,163,2,10,5,0,500,0.6,1000,0.2,1400,0.2,2
2,0,727,0,0,300,0.5,1700,0.5,1
2,1,864,0,0,300,0.5,1700,0.5,1
2,2,812,0,0,500,0.6,1000,0.2,1400,0.2,2
2,3,344,1,0,500,0.6,1000,0.2,1400,0.2,2
2,4,440,1,0,300,0.5,1700,0.5,1
2,5,515,2,10,5,0,300,0.5,1700,0.5,1
3,0,720,2,10,5,0,300,0.5,1700,0.5,1
3,1,773,2,10,5,0,500,0.6,1000,0.2,1400,0.2,0
3,2,407,0,0,500,0.6,1000,0.2,1400,0.2,0
3,3,843,1,0,500,0.6,1000,0.2,1400,0.2,0
3,4,338,2,10,5,0,500,0.6,1000,0.2,1400,0.2,0
3,5,961,1,0,500,0.6,1000,0.2,1400,0.2,2
4,0,767,0,0,300,0.5,1700,0.5,1
4,1,77,1,0,500,0.6,1000,0.2,1400,0.2,2
4,2,550,2,10,5,0,500,0.6,1000,0.2,1400,0.2,2
4,3,586,1,0,300,0.5,1700,0.5,2
4,4,462,0,0,500,0.6,1000,0.2,1400,0.2,0
4,5,614,1,0,500,0.6,1000,0.2,1400,0.2,2
5,0,267,2,10,5,0,500,0.6,1000,0.2,1400,0.2,0
5,1,493,1,0,500,0.6,1000,0.2,1400,0.2,2
5,2,722,1,0,300,0.5,1700,0.5,0
5,3,947,1,0,300,0.5,1700,0.5,1
5,4,107,2,10,5,0,300,0.5,1700,0.5,1
5,5,305,0,0,500,0.6,1000,0.2,1400,0.2,1
