0,0,901,2,10,5,0,300,0.5,1700,0.5,0
0,1,160,1,0,500,0.6,1000,0.2,1400,0.2,0
0,2,558,2,10,5,0,500,0.6,1000,0.2,1400,0.2,1
0,3,802,0,0,500,0.6,1000,0.2,1400,0.2,0
0,4,851,0,0,300,0.5,1700,0.5,0
0,5,726,1,0,500,0.6,1000,0.2,1400,0.2,1
1,0,348,0,0,300,0.5,1700,0.5,2
1,1,374,2,10,5,0,500,0.6,1000,0.2,1400,0.2,1
1,2,420,0,0,300,0.5,1700,0.5,0
1,3,323,2,10,5,0,500,0.6,1000,0.2,1400,0.2,1
1,4,417,0,0,300,0.5,1700,0.5,0
1,5,468,2,10,5,0,300,0.5,1700,0.5,2
2,0,715,1,0,300,0.5,1700,0.5,1
2,1,519,1,0,500,0.6,1000,0.2,1400,0.2,2
2,2,827,0,0,500,0.6,1000,0.2,1400,0.2,2
2,3,737,2,10,5,0,500,0.6,1000,0.2,1400,0.2,0
2,4,501,0,0,300,0.5,1700,0.5,2
2,5,772,0,0,300,0.5,1700,0.5,2
3,0,282,1,0,300,0.5,1700,0.5,2
3,1,947,1,0,300,0.5,1700,0.5,2
3,2,431,0,0,500,0.6,1000,0.2,1400,0.2,1
3,3,292,1,0,300,0.5,1700,0.5,1
3,4,434,1,0,300,0.5,1700,0.5,0
3,5,663,1,0,500,0.6,1000,0.2,1400,0.2,2
4,0,44,1,0,300,0.5,1700,0.5,2
4,1,380,2,10,5,0,500,0.6,1000,0.2,1400,0.2,2
4,2,230,0,0,300,0.5,1700,0.5,1
4,3,248,0,0,500,0.6,1000,0.2,1400,0.2,2
4,4,383,2,10,5,0,500,0.6,1000,0.2,1400,0.2,0
4,5,180,1,0,300,0.5,1700,0.5,1
5,0,750,2,10,5,0,500,0.6,1000,0.2,1400,0.2,2
5,1,636,0,0,300,0.5,1700,0.5,0
5,2,446,1,0,300,0.5,1700,0.5,1
5,3,812,2,10,5,0,300,0.5,1700,0.5,1
5,4,914,1,0,300,0.5,1700,0.5,1
5,5,47,1,0,300,0.5,1700,0.5,1
