0,0,276,2,10,5,0,500,0.6,1000,0.2,1400,0.2,0
0,1,859,0,0,500,0.6,1000,0.2,1400,0.2,2
0,2,372,0,0,300,0.5,1700,0.5,0
0,3,792,0,0,500,0.6,1000,0.2,1400,0.2,2
0,4,990,0,0,500,0.6,1000,0.2,1400,0.2,2
0,5,186,1,0,300,0.5,1700,0.5,0
1,0,416,1,0,500,0.6,1000,0.2,1400,0.2,0
1,1,282,2,10,5,0,300,0.5,1700,0.5,2
1,2,153,0,0,300,0.5,1700,0.5,0
1,3,274,2,10,5,0,500,0.6,1000,0.2,1400,0.2,2
1,4,22,2,10,5,0,500,0.6,1000,0.2,1400,0.2,0
1,5,141,0,0,300,0.5,1700,0.5,2
2,0,998,1,0,300,0.5,1700,0.5,2
2,1,722,0,0,500,0.6,1000,0.2,1400,0.2,2
2,2,472,2,10,5,0,500,0.6,1000,0.2,1400,0.2,2
2,3,912,0,0,500,0.6,1000,0.2,1400,0.2,2
2,4,885,2,10,5,0,300,0.5,1700,0.5,2
2,5,492,0,0,500,0.6,1000,0.2,1400,0.2,2
3,0,778,2,10,5,0,500,0.6,1000,0.2,1400,0.2,2
3,1,135,2,10,5,0,500,0.6,1000,0.2,1400,0.2,2
3,2,152,2,10,5,0,500,0.6,1000,0.2,1400,0.2,2
3,3,294,0,0,300,0.5,1700,0.5,1
3,4,202,1,0,300,0.5,1700,0.5,1
3,5,806,0,0,500,0.6,1000,0.2,1400,0.2,2
4,0,290,2,10,5,0,300,0.5,1700,0.5,0
4,1,504,0,0,300,0.5,1700,0.5,0
4,2,297,0,0,500,0.6,1000,0.2,1400,0.2,2
4,3,928,1,0,300,0.5,1700,0.5,0
4,4,366,2,10,5,0,500,0.6,1000,0.2,1400,0.2,1
4,5,888,0,0,500,0.6,1000,0.2,1400,0.2,1
5,0,44,0,0,500,0.6,1000,0.2,1400,0.2,0
5,1,221,2,10,5,0,300,0.5,1700,0.5,0
5,2,244,0,0,300,0.5,1700,0.5,2
5,3,717,2,10,5,0,300,0.5,1700,0.5,2
5,4,984,1,0,500,0.6,1000,0.2,1400,0.2,1
5,5,42,1,0,500,0.6,1000,0.2,1400,0.2,0
