0,0,645,2,10,5,0,500,0.6,1000,0.2,1400,0.2,2
0,1,846,2,10,5,0,300,0.5,1700,0.5,0
0,2,520,0,0,300,0.5,1700,0.5,1
0,3,279,1,0,300,0.5,1700,0.5,1
0,4,448,1,0,300,0.5,1700,0.5,0
0,5,504,2,10,5,0,500,0.6,1000,0.2,1400,0.2,2
1,0,208,2,10,5,0,500,0.6,1000,0.2,1400,0.2,2
1,1,715,1,0,500,0.6,1000,0.2,1400,0.2,2
1,2,653,1,0,300,0.5,1700,0.5,0
1,3,518,2,10,5,0,500,0.6,1000,0.2,1400,0.2,0
1,4,966,0,0,500,0.6,1000,0.2,1400,0.2,1
1,5,282,0,0,300,0.5,1700,0.5,2
2,0,200,0,0,300,0.5,1700,0.5,0
2,1,419,2,10,5,0,300,0.5,1700,0.5,1
2,2,487,0,0,500,0.6,1000,0.2,1400,0.2,2
2,3,992,0,0,300,0.5,1700,0.5,1
2,4,933,0,0,500,0.6,1000,0.2,1400,0.2,0
2,5,331,1,0,300,0.5,1700,0.5,2
3,0,172,0,0,300,0.5,1700,0.5,2
3,1,365,2,10,5,0,500,0.6,1000,0.2,1400,0.2,1
3,2,557,0,0,300,0.5,1700,0.5,1
3,3,744,1,0,300,0.5,1700,0.5,0
3,4,784,2,10,5,0,500,0.6,1000,0.2,1400,0.2,0
3,5,269,2,10,5,0,300,0.5,1700,0.5,1
4,0,121,0,0,500,0.6,1000,0.2,1400,0.2,0
4,1,533,1,0,300,0.5,1700,0.5,0
4,2,950,1,0,300,0.5,1700,0.5,2
4,3,538,0,0,500,0.6,1000,0.2,1400,0.2,0
4,4,241,2,10,5,0,500,0.6,1000,0.2,1400,0.2,2
4,5,72,0,0,500,0.6,1000,0.2,1400,0.2,0
5,0,969,0,0,500,0.6,1000,0.2,1400,0.2,0
5,1,296,0,0,300,0.5,1700,0.5,2
5,2,542,2,10,5,0,500,0.6,1000,0.2,1400,0.2,1
5,3,441,0,0,300,0.5,1700,0.5,0
5,4,872,2,10,5,0,300,0.5,1700,0.5,1
5,5,325,2,10,5,0,300,0.5,1700,0.5,1
