0,0,367,2,10,5,0,500,0.6,1000,0.2,1400,0.2,0
0,1,802,2,10,5,0,300,0.5,1700,0.5,1
0,2,946,1,0,500,0.6,1000,0.2,1400,0.2,0
0,3,736,1,0,500,0.6,1000,0.2,1400,0.2,1
0,4,477,0,0,300,0.5,1700,0.5,0
0,5,35,2,10,5,0,500,0.6,1000,0.2,1400,0.2,0
1,0,388,0,0,500,0.6,1000,0.2,1400,0.2,1
1,1,889,2,10,5,0,300,0.5,1700,0.5,1
1,2,975,1,0,500,0.6,1000,0.2,1400,0.2,2
1,3,263,1,0,500,0.6,1000,0.2,1400,0.2,1
1,4,508,0,0,300,0.5,1700,0.5,1
1,5,917,0,0,300,0.5,1700,0.5,2
2,0,162,2,10,5,0,500,0.6,1000,0.2,1400,0.2,1
2,1,873,0,0,500,0.6,1000,0.2,1400,0.2,2
2,2,125,1,0,500,0.6,1000,0.2,1400,0.2,1
2,3,850,1,0,500,0.6,1000,0.2,1400,0.2,2
2,4,51,1,0,300,0.5,1700,0.5,2
2,5,599,2,10,5,0,500,0.6,1000,0.2,1400,0.2,2
3,0,177,1,0,300,0.5,1700,0.5,0
3,1,782,1,0,300,0.5,1700,0.5,2
3,2,192,2,10,5,0,500,0.6,1000,0.2,1400,0.2,0
3,3,233,0,0,500,0.6,1000,0.2,1400,0.2,2
3,4,896,1,0,500,0.6,1000,0.2,1400,0.2,2
3,5,157,1,0,500,0.6,1000,0.2,1400,0.2,2
4,0,169,2,10,5,0,300,0.5,1700,0.5,1
4,1,803,1,0,300,0.5,1700,0.5,1
4,2,445,1,0,300,0.5,1700,0.5,0
4,3,312,0,0,500,0.6,1000,0.2,1400,0.2,0
4,4,544,2,10,5,0,500,0.6,1000,0.2,1400,0.2,1
4,5,917,2,10,5,0,500,0.6,1000,0.2,1400,0.2,2
5,0,911,0,0,300,0.5,1700,0.5,2
5,1,418,1,0,500,0.6,1000,0.2,1400,0.2,1
5,2,430,2,10,5,0,500,0.6,1000,0.2,1400,0.2,0
5,3,840,2,10,5,0,500,0.6,1000,0.2,1400,0.2,1
5,4,45,2,10,5,0,300,0.5,1700,0.5,0
5,5,309,0,0,300,0.5,1700,0.5,1
