0,0,952,2,10,5,0,300,0.5,1700,0.5,1
0,1,612,2,10,5,0,500,0.6,1000,0.2,1400,0.2,0
0,2,287,2,10,5,0,500,0.6,1000,0.2,1400,0.2,2
0,3,576,1,0,500,0.6,1000,0.2,1400,0.2,0
0,4,142,1,0,300,0.5,1700,0.5,2
0,5,849,1,0,300,0.5,1700,0.5,1
1,0,512,2,10,5,0,500,0.6,1000,0.2,1400,0.2,1
1,1,471,0,0,300,0.5,1700,0.5,0
1,2,490,1,0,500,0.6,1000,0.2,1400,0.2,2
1,3,175,2,10,5,0,300,0.5,1700,0.5,0
1,4,510,1,0,500,0.6,1000,0.2,1400,0.2,2
1,5,591,2,10,5,0,300,0.5,1700,0.5,0
2,0,957,0,0,300,0.5,1700,0.5,0
2,1,806,0,0,500,0.6,1000,0.2,1400,0.2,2
2,2,935,2,10,5,0,500,0.6,1000,0.2,1400,0.2,0
2,3,493,1,0,500,0.6,1000,0.2,1400,0.2,0
2,4,856,1,0,300,0.5,1700,0.5,0
2,5,878,0,0,300,0.5,1700,0.5,2
3,0,884,0,0,500,0.6,1000,0.2,1400,0.2,0
3,1,208,2,10,5,0,300,0.5,1700,0.5,2
3,2,724,1,0,500,0.6,1000,0.2,1400,0.2,2
3,3,371,2,10,5,0,300,0.5,1700,0.5,1
3,4,741,0,0,300,0.5,1700,0.5,1
3,5,395,1,0,500,0.6,1000,0.2,1400,0.2,0
4,0,415,2,10,5,0,500,0.6,1000,0.2,1400,0.2,1
4,1,212,0,0,300,0.5,1700,0.5,2
4,2,442,1,0,500,0.6,1000,0.2,1400,0.2,2
4,3,563,1,0,300,0.5,1700,0.5,2
4,4,588,2,10,5,0,500,0.6,1000,0.2,1400,0.2,1
4,5,885,0,0,300,0.5,1700,0.5,0
5,0,306,2,10,5,0,500,0.6,1000,0.2,1400,0.2,2
5,1,146,1,0,300,0.5,1700,0.5,2
5,2,211,2,10,5,0,500,0.6,1000,0.2,1400,0.2,2
5,3,215,0,0,500,0.6,1000,0.2,1400,0.2,1
5,4,168,1,0,300,0.5,1700,0.5,1
5,5,534,2,10,5,0,500,0.6,1000,0.2,1400,0.2,2
