0,0,38,0,0,300,0.5,1700,0.5,1
0,1,80,2,10,5,0,500,0.6,1000,0.2,1400,0.2,0
0,2,95,2,10,5,0,500,0.6,1000,0.2,1400,0.2,1
0,3,620,1,0,500,0.6,1000,0.2,1400,0.2,2
0,4,203,0,0,500,0.6,1000,0.2,1400,0.2,2
0,5,961,2,10,5,0,300,0.5,1700,0.5,0
1,0,421,1,0,300,0.5,1700,0.5,2
1,1,422,1,0,300,0.5,1700,0.5,1
1,2,235,2,10,5,0,300,0.5,1700,0.5,1
1,3,885,2,10,5,0,500,0.6,1000,0.2,1400,0.2,1
1,4,39,0,0,300,0.5,1700,0.5,0
1,5,435,0,0,500,0.6,1000,0.2,1400,0.2,0
2,0,704,2,10,5,0,300,0.5,1700,0.5,1
2,1,859,1,0,500,0.6,1000,0.2,1400,0.2,2
2,2,410,1,0,500,0.6,1000,0.2,1400,0.2,2
2,3,547,0,0,500,0.6,1000,0.2,1400,0.2,0
2,4,275,0,0,300,0.5,1700,0.5,0
2,5,702,0,0,300,0.5,1700,0.5,0
3,0,382,2,10,5,0,300,0.5,1700,0.5,1
3,1,715,0,0,300,0.5,1700,0.5,0
3,2,177,2,10,5,0,500,0.6,1000,0.2,1400,0.2,1
3,3,19,0,0,300,0.5,1700,0.5,0
3,4,220,1,0,500,0.6,1000,0.2,1400,0.2,2
3,5,907,1,0,500,0.6,1000,0.2,1400,0.2,2
4,0,260,2,10,5,0,500,0.6,1000,0.2,1400,0.2,0
4,1,794,0,0,500,0.6,1000,0.2,1400,0.2,2
4,2,110,1,0,300,0.5,1700,0.5,2
4,3,52,1,0,300,0.5,1700,0.5,1
4,4,926,2,10,5,0,500,0.6,1000,0.2,1400,0.2,1
4,5,816,1,0,500,0.6,1000,0.2,1400,0.2,1
5,0,461,0,0,500,0.6,1000,0.2,1400,0.2,1
5,1,728,0,0,500,0.6,1000,0.2,1400,0.2,2
5,2,593,1,0,300,0.5,1700,0.5,2
5,3,138,1,0,300,0.5,1700,0.5,2
5,4,36,1,0,500,0.6,1000,0.2,1400,0.2,2
5,5,891,2,10,5,0,300,0.5,1700,0.5,0
