0,0,721,2,10,5,0,500,0.6,1000,0.2,1400,0.2,0
0,1,875,2,10,5,0,300,0.5,1700,0.5,1
0,2,271,1,0,300,0.5,1700,0.5,2
0,3,105,0,0,300,0.5,1700,0.5,2
0,4,954,1,0,300,0.5,1700,0.5,0
0,5,110,1,0,300,0.5,1700,0.5,1
1,0,112,2,10,5,0,500,0.6,1000,0.2,1400,0.2,0
1,1,899,2,10,5,0,300,0.5,1700,0.5,1
1,2,870,0,0,500,0.6,1000,0.2,1400,0.2,1
1,3,293,0,0,500,0.6,1000,0.2,1400,0.2,0
1,4,513,1,0,300,0.5,1700,0.5,0
1,5,63,2,10,5,0,500,0.6,1000,0.2,1400,0.2,0
2,0,122,2,10,5,0,500,0.6,1000,0.2,1400,0.2,2
2,1,20,0,0,300,0.5,1700,0.5,0
2,2,521,0,0,500,0.6,1000,0.2,1400,0.2,1
2,3,930,0,0,500,0.6,1000,0.2,1400,0.2,0
2,4,356,1,0,300,0.5,1700,0.5,0
2,5,699,2,10,5,0,300,0.5,1700,0.5,1
3,0,783,2,10,5,0,500,0.6,1000,0.2,1400,0.2,2
3,1,655,1,0,300,0.5,1700,0.5,0
3,2,288,0,0,500,0.6,1000,0.2,1400,0.2,2
3,3,618,0,0,500,0.6,1000,0.2,1400,0.2,0
3,4,595,2,10,5,0,500,0.6,1000,0.2,1400,0.2,0
3,5,345,2,10,5,0,500,0.6,1000,0.2,1400,0.2,1
4,0,478,2,10,5,0,500,0.6,1000,0.2,1400,0.2,1
4,1,211,0,0,500,0.6,1000,0.2,1400,0.2,0
4,2,641,0,0,500,0.6,1000,0.2,1400,0.2,2
4,3,527,2,10,5,0,300,0.5,1700,0.5,1
4,4,965,2,10,5,0,300,0.5,1700,0.5,1
4,5,122,2,10,5,0,300,0.5,1700,0.5,1
5,0,623,0,0,500,0.6,1000,0.2,1400,0.2,2
5,1,791,2,10,5,0,300,0.5,1700,0.5,1
5,2,260,1,0,300,0.5,1700,0.5,0
5,3,987,0,0,500,0.6,1000,0.2,1400,0.2,1
5,4,702,0,0,500,0.6,1000,0.2,1400,0.2,0
5,5,647,2,10,5,0,300,0.5,1700,0.5,0
