0,0,154,0,0,300,0.5,1700,0.5,1
0,1,401,2,10,5,0,300,0.5,1700,0.5,1
0,2,769,0,0,500,0.6,1000,0.2,1400,0.2,2
0,3,675,0,0,300,0.5,1700,0.5,0
0,4,259,0,0,500,0.6,1000,0.2,1400,0.2,1
0,5,864,0,0,300,0.5,1700,0.5,0
1,0,72,0,0,300,0.5,1700,0.5,0
1,1,929,2,10,5,0,300,0.5,1700,0.5,0
1,2,955,1,0,500,0.6,1000,0.2,1400,0.2,0
1,3,824,1,0,500,0.6,1000,0.2,1400,0.2,0
1,4,952,2,10,5,0,300,0.5,1700,0.5,1
1,5,155,2,10,5,0,500,0.6,1000,0.2,1400,0.2,1
2,0,785,1,0,300,0.5,1700,0.5,1
2,1,962,0,0,500,0.6,1000,0.2,1400,0.2,2
2,2,728,0,0,300,0.5,1700,0.5,2
2,3,549,0,0,300,0.5,1700,0.5,1
2,4,738,0,0,500,0.6,1000,0.2,1400,0.2,1
2,5,351,1,0,300,0.5,1700,0.5,0
3,0,387,1,0,500,0.6,1000,0.2,1400,0.2,2
3,1,611,1,0,500,0.6,1000,0.2,1400,0.2,1
3,2,873,1,0,500,0.6,1000,0.2,1400,0.2,2
3,3,513,1,0,300,0.5,1700,0.5,1
3,4,326,1,0,300,0.5,1700,0.5,2
3,5,494,1,0,500,0.6,1000,0.2,1400,0.2,2
4,0,374,2,10,5,0,500,0.6,1000,0.2,1400,0.2,0
4,1,355,0,0,500,0.6,1000,0.2,1400,0.2,0
4,2,408,1,0,500,0.6,1000,0.2,1400,0.2,1
4,3,614,2,10,5,0,500,0.6,1000,0.2,1400,0.2,2
4,4,526,0,0,500,0.6,1000,0.2,1400,0.2,1
4,5,708,0,0,500,0.6,1000,0.2,1400,0.2,0
5,0,227,1,0,500,0.6,1000,0.2,1400,0.2,2
5,1,641,2,10,5,0,500,0.6,1000,0.2,1400,0.2,0
5,2,422,1,0,500,0.6,1000,0.2,1400,0.2,0
5,3,455,2,10,5,0,300,0.5,1700,0.5,0
5,4,611,1,0,500,0.6,1000,0.2,1400,0.2,1
5,5,794,1,0,500,0.6,1000,0.2,1400,0.2,2
