0,0,698,0,0,500,0.6,1000,0.2,1400,0.2,1
0,1,241,0,0,300,0.5,1700,0.5,0
0,2,630,2,10,5,0,500,0.6,1000,0.2,1400,0.2,1
0,3,62,1,0,300,0.5,1700,0.5,0
0,4,695,0,0,500,0.6,1000,0.2,1400,0.2,1
0,5,849,2,10,5,0,500,0.6,1000,0.2,1400,0.2,0
1,0,429,1,0,500,0.6,1000,0.2,1400,0.2,0
1,1,293,0,0,500,0.6,1000,0.2,1400,0.2,0
1,2,665,2,10,5,0,500,0.6,1000,0.2,1400,0.2,0
1,3,538,1,0,500,0.6,1000,0.2,1400,0.2,1
1,4,340,1,0,300,0.5,1700,0.5,1
1,5,495,2,10,5,0,500,0.6,1000,0.2,1400,0.2,2
2,0,485,2,10,5,0,500,0.6,1000,0.2,1400,0.2,1
2,1,217,0,0,300,0.5,1700,0.5,2
2,2,838,0,0,300,0.5,1700,0.5,1
2,3,720,2,10,5,0,500,0.6,1000,0.2,1400,0.2,0
2,4,959,1,0,500,0.6,1000,0.2,1400,0.2,1
2,5,216,1,0,500,0.6,1000,0.2,1400,0.2,0
3,0,667,1,0,300,0.5,1700,0.5,1
3,1,579,1,0,500,0.6,1000,0.2,1400,0.2,0
3,2,602,1,0,500,0.6,1000,0.2,1400,0.2,1
3,3,874,0,0,500,0.6,1000,0.2,1400,0.2,0
3,4,101,0,0,500,0.6,1000,0.2,1400,0.2,0
3,5,755,2,10,5,0,300,0.5,1700,0.5,2
4,0,824,0,0,300,0.5,1700,0.5,1
4,1,205,0,0,300,0.5,1700,0.5,0
4,2,823,2,10,5,0,300,0.5,1700,0.5,1
4,3,788,0,0,300,0.5,1700,0.5,1
4,4,325,1,0,300,0.5,1700,0.5,2
4,5,955,0,0,500,0.6,1000,0.2,1400,0.2,0
5,0,283,2,10,5,0,500,0.6,1000,0.2,1400,0.2,1
5,1,890,1,0,300,0.5,1700,0.5,1
5,2,952,1,0,300,0.5,1700,0.5,2
5,3,291,0,0,300,0.5,1700,0.5,2
5,4,556,2,10,5,0,500,0.6,1000,0.2,1400,0.2,1
5,5,657,1,0,300,0.5,1700,0.5,2
