0,0,697,2,10,5,0,500,0.6,1000,0.2,1400,0.2,1
0,1,838,2,10,5,0,500,0.6,1000,0.2,1400,0.2,2
0,2,868,2,10,5,0,300,0.5,1700,0.5,2
0,3,399,0,0,300,0.5,1700,0.5,2
0,4,553,1,0,500,0.6,1000,0.2,1400,0.2,0
0,5,643,0,0,300,0.5,1700,0.5,1
1,0,728,1,0,500,0.6,1000,0.2,1400,0.2,1
1,1,836,2,10,5,0,500,0.6,1000,0.2,1400,0.2,0
1,2,89,2,10,5,0,300,0.5,1700,0.5,1
1,3,237,2,10,5,0,300,0.5,1700,0.5,0
1,4,362,0,0,500,0.6,1000,0.2,1400,0.2,0
1,5,946,2,10,5,0,500,0.6,1000,0.2,1400,0.2,0
2,0,138,1,0,300,0.5,1700,0.5,1
2,1,405,2,10,5,0,300,0.5,1700,0.5,2
2,2,731,1,0,300,0.5,1700,0.5,2
2,3,44,2,10,5,0,300,0.5,1700,0.5,0
2,4,564,1,0,300,0.5,1700,0.5,0
2,5,664,0,0,300,0.5,1700,0.5,2
3,0,341,1,0,500,0.6,1000,0.2,1400,0.2,2
3,1,696,0,0,300,0.5,1700,0.5,2
3,2,607,1,0,300,0.5,1700,0.5,2
3,3,82,0,0,300,0.5,1700,0.5,1
3,4,873,0,0,300,0.5,1700,0.5,0
3,5,956,1,0,500,0.6,1000,0.2,1400,0.2,2
4,0,548,1,0,500,0.6,1000,0.2,1400,0.2,2
4,1,935,2,10,5,0,500,0.6,1000,0.2,1400,0.2,0
4,2,599,1,0,300,0.5,1700,0.5,0
4,3,51,1,0,500,0.6,1000,0.2,1400,0.2,1
4,4,328,2,10,5,0,500,0.6,1000,0.2,1400,0.2,0
4,5,895,1,0,300,0.5,1700,0.5,1
5,0,655,1,0,500,0.6,1000,0.2,1400,0.2,0
5,1,67,2,10,5,0,500,0.6,1000,0.2,1400,0.2,2
5,2,407,0,0,500,0.6,1000,0.2,1400,0.2,1
5,3,89,2,10,5,0,300,0.5,1700,0.5,0
5,4,616,0,0,300,0.5,1700,0.5,2
5,5,40,2,10,5,0,300,0.5,1700,0.5,1
