0,0,925,2,10,5,0,500,0.6,1000,0.2,1400,0.2,1
0,1,624,1,0,300,0.5,1700,0.5,0
0,2,556,2,10,5,0,500,0.6,1000,0.2,1400,0.2,0
0,3,728,0,0,500,0.6,1000,0.2,1400,0.2,1
0,4,490,0,0,500,0.6,1000,0.2,1400,0.2,1
0,5,400,0,0,300,0.5,1700,0.5,0
1,0,817,0,0,300,0.5,1700,0.5,2
1,1,69,1,0,500,0.6,1000,0.2,1400,0.2,0
1,2,841,0,0,300,0.5,1700,0.5,2
1,3,164,0,0,500,0.6,1000,0.2,1400,0.2,1
1,4,699,0,0,300,0.5,1700,0.5,0
1,5,704,1,0,300,0.5,1700,0.5,1
2,0,775,1,0,500,0.6,1000,0.2,1400,0.2,0
2,1,229,0,0,300,0.5,1700,0.5,1
2,2,782,2,10,5,0,500,0.6,1000,0.2,1400,0.2,0
2,3,906,1,0,500,0.6,1000,0.2,1400,0.2,0
2,4,835,1,0,300,0.5,1700,0.5,0
2,5,678,0,0,500,0.6,1000,0.2,1400,0.2,2
3,0,230,0,0,500,0.6,1000,0.2,1400,0.2,2
3,1,825,2,10,5,0,500,0.6,1000,0.2,1400,0.2,2
3,2,300,1,0,500,0.6,1000,0.2,1400,0.2,0
3,3,506,2,10,5,0,300,0.5,1700,0.5,0
3,4,429,0,0,300,0.5,1700,0.5,0
3,5,262,1,0,500,0.6,1000,0.2,1400,0.2,0
4,0,575,2,10,5,0,300,0.5,1700,0.5,1
4,1,218,0,0,500,0.6,1000,0.2,1400,0.2,0
4,2,582,0,0,300,0.5,1700,0.5,1
4,3,993,0,0,500,0.6,1000,0.2,1400,0.2,1
4,4,435,1,0,300,0.5,1700,0.5,2
4,5,40,0,0,300,0.5,1700,0.5,0
5,0,476,2,10,5,0,500,0.6,1000,0.2,1400,0.2,0
5,1,892,2,10,5,0,500,0.6,1000,0.2,1400,0.2,1
5,2,790,1,0,500,0.6,1000,0.2,1400,0.2,1
5,3,506,0,0,300,0.5,1700,0.5,2
5,4,738,0,0,300,0.5,1700,0.5,1
5,5,284,2,10,5,0,300,0.5,1700,0.5,1
