0,0,558,1,0,300,0.5,1700,0.5,2
0,1,33,2,10,5,0,500,0.6,1000,0.2,1400,0.2,0
0,2,427,1,0,500,0.6,1000,0.2,1400,0.2,2
0,3,131,0,0,300,0.5,1700,0.5,1
0,4,194,1,0,500,0.6,1000,0.2,1400,0.2,0
0,5,562,0,0,500,0.6,1000,0.2,1400,0.2,1
1,0,262,2,10,5,0,300,0.5,1700,0.5,0
1,1,176,1,0,500,0.6,1000,0.2,1400,0.2,1
1,2,513,2,10,5,0,500,0.6,1000,0.2,1400,0.2,1
1,3,84,0,0,500,0.6,1000,0.2,1400,0.2,2
1,4,932,1,0,500,0.6,1000,0.2,1400,0.2,2
1,5,431,2,10,5,0,500,0.6,1000,0.2,1400,0.2,2
2,0,454,1,0,500,0.6,1000,0.2,1400,0.2,1
2,1,360,2,10,5,0,500,0.6,1000,0.2,1400,0.2,0
2,2,437,1,0,500,0.6,1000,0.2,1400,0.2,0
2,3,806,0,0,500,0.6,1000,0.2,1400,0.2,2
2,4,91,0,0,300,0.5,1700,0.5,0
2,5,846,0,0,300,0.5,1700,0.5,1
3,0,978,0,0,300,0.5,1700,0.5,2
3,1,403,0,0,300,0.5,1700,0.5,0
3,2,334,0,0,300,0.5,1700,0.5,2
3,3,949,0,0,500,0.6,1000,0.2,1400,0.2,0
3,4,379,2,10,5,0,300,0.5,1700,0.5,0
3,5,459,2,10,5,0,300,0.5,1700,0.5,2
4,0,551,0,0,500,0.6,1000,0.2,1400,0.2,0
4,1,386,1,0,300,0.5,1700,0.5,1
4,2,341,1,0,500,0.6,1000,0.2,1400,0.2,0
4,3,280,1,0,500,0.6,1000,0.2,1400,0.2,2
4,4,464,2,10,5,0,300,0.5,1700,0.5,1
4,5,366,0,0,500,0.6,1000,0.2,1400,0.2,0
5,0,518,1,0,500,0.6,1000,0.2,1400,0.2,2
5,1,215,0,0,500,0.6,1000,0.2,1400,0.2,2
5,2,341,0,0,300,0.5,1700,0.5,2
5,3,494,2,10,5,0,300,0.5,1700,0.5,2
5,4,28,1,0,500,0.6,1000,0.2,1400,0.2,2
5,5,81,0,0,300,0.5,1700,0.5,1
