0,0,860,1,0,300,0.5,1700,0.5,0
0,1,287,1,0,300,0.5,1700,0.5,0
0,2,961,1,0,500,0.6,1000,0.2,1400,0.2,0
0,3,206,1,0,300,0.5,1700,0.5,2
0,4,223,0,0,300,0.5,1700,0.5,1
0,5,456,1,0,300,0.5,1700,0.5,2
1,0,191,2,10,5,0,300,0.5,1700,0.5,0
1,1,815,2,10,5,0,300,0.5,1700,0.5,0
1,2,582,2,10,5,0,300,0.5,1700,0.5,2
1,3,408,0,0,500,0.6,1000,0.2,1400,0.2,0
1,4,175,0,0,500,0.6,1000,0.2,1400,0.2,0
1,5,43,2,10,5,0,300,0.5,1700,0.5,1
2,0,98,2,10,5,0,300,0.5,1700,0.5,2
2,1,180,1,0,500,0.6,1000,0.2,1400,0.2,0
2,2,492,1,0,300,0.5,1700,0.5,0
2,3,949,2,10,5,0,300,0.5,1700,0.5,1
2,4,982,1,0,300,0.5,1700,0.5,0
2,5,941,2,10,5,0,500,0.6,1000,0.2,1400,0.2,0
3,0,905,1,0,500,0.6,1000,0.2,1400,0.2,1
3,1,120,2,10,5,0,300,0.5,1700,0.5,1
3,2,680,1,0,500,0.6,1000,0.2,1400,0.2,1
3,3,844,2,10,5,0,300,0.5,1700,0.5,1
3,4,969,2,10,5,0,300,0.5,1700,0.5,0
3,5,774,0,0,300,0.5,1700,0.5,0
4,0,674,2,10,5,0,500,0.6,1000,0.2,1400,0.2,1
4,1,983,0,0,500,0.6,1000,0.2,1400,0.2,2
4,2,531,0,0,500,0.6,1000,0.2,1400,0.2,2
4,3,894,2,10,5,0,500,0.6,1000,0.2,1400,0.2,2
4,4,178,0,0,300,0.5,1700,0.5,1
4,5,360,1,0,300,0.5,1700,0.5,2
5,0,356,0,0,300,0.5,1700,0.5,0
5,1,446,1,0,500,0.6,1000,0.2,1400,0.2,1
5,2,180,1,0,300,0.5,1700,0.5,0
5,3,560,0,0,300,0.5,1700,0.5,0
5,4,721,2,10,5,0,500,0.6,1000,0.2,1400,0.2,0
5,5,666,0,0,300,0.5,1700,0.5,1
