0,0,775,2,10,5,0,300,0.5,1700,0.5,0
0,1,752,0,0,300,0.5,1700,0.5,1
0,2,556,0,0,300,0.5,1700,0.5,2
0,3,838,0,0,500,0.6,1000,0.2,1400,0.2,2
0,4,699,2,10,5,0,500,0.6,1000,0.2,1400,0.2,0
0,5,405,1,0,500,0.6,1000,0.2,1400,0.2,0
0,6,755,0,0,300,0.5,1700,0.5,2
1,0,111,1,0,500,0.6,1000,0.2,1400,0.2,1
1,1,873,2,10,5,0,300,0.5,1700,0.5,0
1,2,965,1,0,300,0.5,1700,0.5,0
1,3,348,0,0,300,0.5,1700,0.5,2
1,4,661,1,0,300,0.5,1700,0.5,2
1,5,879,0,0,500,0.6,1000,0.2,1400,0.2,0
1,6,852,0,0,500,0.6,1000,0.2,1400,0.2,2
2,0,286,1,0,300,0.5,1700,0.5,0
2,1,787,1,0,300,0.5,1700,0.5,2
2,2,928,1,0,300,0.5,1700,0.5,1
2,3,782,2,10,5,0,300,0.5,1700,0.5,1
2,4,955,0,0,500,0.6,1000,0.2,1400,0.2,1
2,5,72,1,0,300,0.5,1700,0.5,0
2,6,281,2,10,5,0,300,0.5,1700,0.5,1
3,0,469,2,10,5,0,300,0.5,1700,0.5,1
3,1,812,2,10,5,0,300,0.5,1700,0.5,2
3,2,154,0,0,500,0.6,1000,0.2,1400,0.2,1
3,3,866,0,0,300,0.5,1700,0.5,1
3,4,180,2,10,5,0,500,0.6,1000,0.2,1400,0.2,2
3,5,317,0,0,500,0.6,1000,0.2,1400,0.2,2
3,6,570,0,0,300,0.5,1700,0.5,1
4,0,744,0,0,500,0.6,1000,0.2,1400,0.2,2
4,1,913,1,0,300,0.5,1700,0.5,1
4,2,846,1,0,300,0.5,1700,0.5,0
4,3,689,1,0,300,0.5,1700,0.5,2
4,4,126,0,0,300,0.5,1700,0.5,1
4,5,735,1,0,500,0.6,1000,0.2,1400,0.2,1
4,6,831,0,0,500,0.6,1000,0.2,1400,0.2,1
5,0,804,0,0,500,0.6,1000,0.2,1400,0.2,0
5,1,680,1,0,500,0.6,1000,0.2,1400,0.2,0
5,2,822,0,0,500,0.6,1000,0.2,1400,0.2,1
5,3,587,0,0,500,0.6,1000,0.2,1400,0.2,0
5,4,845,1,0,300,0.5,1700,0.5,1
5,5,941,1,0,300,0.5,1700,0.5,2
5,6,542,0,0,500,0.6,1000,0.2,1400,0.2,0
6,0,237,1,0,500,0.6,1000,0.2,1400,0.2,2
6,1,304,1,0,500,0.6,1000,0.2,1400,0.2,0
6,2,812,2,10,5,0,500,0.6,1000,0.2,1400,0.2,0
6,3,528,2,10,5,0,300,0.5,1700,0.5,1
6,4,519,1,0,500,0.6,1000,0.2,1400,0.2,0
6,5,816,1,0,500,0.6,1000,0.2,1400,0.2,1
6,6,561,0,0,300,0.5,1700,0.5,2
