0,0,124,1,0,300,0.5,1700,0.5,1
0,1,942,0,0,500,0.6,1000,0.2,1400,0.2,1
0,2,66,0,0,500,0.6,1000,0.2,1400,0.2,0
0,3,801,0,0,500,0.6,1000,0.2,1400,0.2,1
0,4,100,0,0,500,0.6,1000,0.2,1400,0.2,2
0,5,979,1,0,300,0.5,1700,0.5,1
0,6,117,0,0,300,0.5,1700,0.5,2
1,0,684,1,0,300,0.5,1700,0.5,2
1,1,667,0,0,300,0.5,1700,0.5,1
1,2,389,2,10,5,0,500,0.6,1000,0.2,1400,0.2,0
1,3,130,1,0,300,0.5,1700,0.5,1
1,4,645,1,0,300,0.5,1700,0.5,1
1,5,627,1,0,300,0.5,1700,0.5,2
1,6,807,0,0,500,0.6,1000,0.2,1400,0.2,2
2,0,985,1,0,500,0.6,1000,0.2,1400,0.2,1
2,1,936,1,0,300,0.5,1700,0.5,2
2,2,968,0,0,300,0.5,1700,0.5,0
2,3,34,2,10,5,0,500,0.6,1000,0.2,1400,0.2,1
2,4,657,2,10,5,0,500,0.6,1000,0.2,1400,0.2,2
2,5,379,2,10,5,0,500,0.6,1000,0.2,1400,0.2,2
2,6,511,1,0,300,0.5,1700,0.5,1
3,0,394,0,0,500,0.6,1000,0.2,1400,0.2,2
3,1,984,0,0,300,0.5,1700,0.5,2
3,2,792,0,0,300,0.5,1700,0.5,1
3,3,367,0,0,500,0.6,1000,0.2,1400,0.2,0
3,4,165,0,0,500,0.6,1000,0.2,1400,0.2,0
3,5,690,1,0,300,0.5,1700,0.5,2
3,6,55,1,0,500,0.6,1000,0.2,1400,0.2,0
4,0,377,2,10,5,0,300,0.5,1700,0.5,1
4,1,205,0,0,300,0.5,1700,0.5,1
4,2,339,2,10,5,0,500,0.6,1000,0.2,1400,0.2,0
4,3,632,1,0,300,0.5,1700,0.5,0
4,4,629,2,10,5,0,300,0.5,1700,0.5,0
4,5,292,1,0,500,0.6,1000,0.2,1400,0.2,2
4,6,61,1,0,300,0.5,1700,0.5,1
5,0,842,2,10,5,0,300,0.5,1700,0.5,1
5,1,724,1,0,300,0.5,1700,0.5,0
5,2,838,0,0,300,0.5,1700,0.5,1
5,3,937,2,10,5,0,300,0.5,1700,0.5,0
5,4,737,2,10,5,0,500,0.6,1000,0.2,1400,0.2,2
5,5,885,0,0,500,0.6,1000,0.2,1400,0.2,1
5,6,12,2,10,5,0,500,0.6,1000,0.2,1400,0.2,2
6,0,302,1,0,500,0.6,1000,0.2,1400,0.2,0
6,1,451,1,0,500,0.6,1000,0.2,1400,0.2,2
6,2,764,2,10,5,0,500,0.6,1000,0.2,1400,0.2,0
6,3,938,0,0,500,0.6,1000,0.2,1400,0.2,1
6,4,420,2,10,5,0,500,0.6,1000,0.2,1400,0.2,1
6,5,471,0,0,300,0.5,1700,0.5,0
6,6,923,1,0,300,0.5,1700,0.5,0
