0,0,306,1,0,300,0.5,1700,0.5,2
0,1,764,1,0,300,0.5,1700,0.5,0
0,2,648,1,0,300,0.5,1700,0.5,1
0,3,530,2,10,5,0,300,0.5,1700,0.5,1
0,4,749,1,0,500,0.6,1000,0.2,1400,0.2,1
0,5,449,2,10,5,0,500,0.6,1000,0.2,1400,0.2,1
0,6,518,2,10,5,0,500,0.6,1000,0.2,1400,0.2,0
1,0,106,2,10,5,0,300,0.5,1700,0.5,2
1,1,198,2,10,5,0,300,0.5,1700,0.5,2
1,2,684,1,0,500,0.6,1000,0.2,1400,0.2,1
1,3,670,0,0,300,0.5,1700,0.5,1
1,4,296,0,0,500,0.6,1000,0.2,1400,0.2,0
1,5,978,1,0,500,0.6,1000,0.2,1400,0.2,1
1,6,326,2,10,5,0,300,0.5,1700,0.5,2
2,0,76,1,0,500,0.6,1000,0.2,1400,0.2,2
2,1,699,1,0,300,0.5,1700,0.5,1
2,2,818,0,0,500,0.6,1000,0.2,1400,0.2,1
2,3,724,2,10,5,0,500,0.6,1000,0.2,1400,0.2,1
2,4,142,2,10,5,0,500,0.6,1000,0.2,1400,0.2,0
2,5,96,1,0,300,0.5,1700,0.5,0
2,6,435,0,0,300,0.5,1700,0.5,1
3,0,128,2,10,5,0,500,0.6,1000,0.2,1400,0.2,1
3,1,185,2,10,5,0,300,0.5,1700,0.5,0
3,2,291,1,0,300,0.5,1700,0.5,0
3,3,355,2,10,5,0,300,0.5,1700,0.5,0
3,4,430,2,10,5,0,300,0.5,1700,0.5,0
3,5,370,0,0,500,0.6,1000,0.2,1400,0.2,2
3,6,455,2,10,5,0,500,0.6,1000,0.2,1400,0.2,0
4,0,978,0,0,500,0.6,1000,0.2,1400,0.2,0
4,1,122,0,0,300,0.5,1700,0.5,0
4,2,996,2,10,5,0,300,0.5,1700,0.5,0
4,3,167,2,10,5,0,500,0.6,1000,0.2,1400,0.2,1
4,4,624,1,0,300,0.5,1700,0.5,1
4,5,862,0,0,300,0.5,1700,0.5,2
4,6,455,1,0,300,0.5,1700,0.5,2
5,0,953,1,0,300,0.5,1700,0.5,2
5,1,612,0,0,500,0.6,1000,0.2,1400,0.2,1
5,2,633,2,10,5,0,500,0.6,1000,0.2,1400,0.2,2
5,3,616,2,10,5,0,300,0.5,1700,0.5,1
5,4,196,2,10,5,0,300,0.5,1700,0.5,1
5,5,543,1,0,500,0.6,1000,0.2,1400,0.2,2
5,6,14,0,0,500,0.6,1000,0.2,1400,0.2,0
6,0,197,1,0,500,0.6,1000,0.2,1400,0.2,2
6,1,991,0,0,500,0.6,1000,0.2,1400,0.2,1
6,2,139,0,0,500,0.6,1000,0.2,1400,0.2,2
6,3,798,2,10,5,0,500,0.6,1000,0.2,1400,0.2,1
6,4,263,2,10,5,0,300,0.5,1700,0.5,2
6,5,13,1,0,300,0.5,1700,0.5,1
6,6,544,0,0,300,0.5,1700,0.5,0
