0,0,697,2,10,5,0,300,0.5,1700,0.5,1
0,1,181,2,10,5,0,500,0.6,1000,0.2,1400,0.2,2
0,2,928,1,0,300,0.5,1700,0.5,2
0,3,899,0,0,500,0.6,1000,0.2,1400,0.2,2
0,4,607,1,0,500,0.6,1000,0.2,1400,0.2,1
0,5,971,0,0,500,0.6,1000,0.2,1400,0.2,2
0,6,292,2,10,5,0,300,0.5,1700,0.5,1
1,0,774,0,0,500,0.6,1000,0.2,1400,0.2,2
1,1,372,2,10,5,0,500,0.6,1000,0.2,1400,0.2,0
1,2,452,1,0,500,0.6,1000,0.2,1400,0.2,2
1,3,22,2,10,5,0,300,0.5,1700,0.5,1
1,4,65,1,0,300,0.5,1700,0.5,2
1,5,325,2,10,5,0,300,0.5,1700,0.5,2
1,6,356,1,0,300,0.5,1700,0.5,2
2,0,377,2,10,5,0,500,0.6,1000,0.2,1400,0.2,0
2,1,942,1,0,300,0.5,1700,0.5,2
2,2,203,0,0,300,0.5,1700,0.5,0
2,3,634,2,10,5,0,500,0.6,1000,0.2,1400,0.2,1
2,4,10,2,10,5,0,500,0.6,1000,0.2,1400,0.2,1
2,5,760,1,0,500,0.6,1000,0.2,1400,0.2,1
2,6,549,0,0,500,0.6,1000,0.2,1400,0.2,2
3,0,306,2,10,5,0,300,0.5,1700,0.5,0
3,1,696,2,10,5,0,300,0.5,1700,0.5,2
3,2,25,2,10,5,0,500,0.6,1000,0.2,1400,0.2,2
3,3,555,1,0,500,0.6,1000,0.2,1400,0.2,1
3,4,352,2,10,5,0,500,0.6,1000,0.2,1400,0.2,2
3,5,68,2,10,5,0,500,0.6,1000,0.2,1400,0.2,2
3,6,940,0,0,500,0.6,1000,0.2,1400,0.2,0
4,0,665,1,0,300,0.5,1700,0.5,2
4,1,44,1,0,500,0.6,1000,0.2,1400,0.2,1
4,2,710,0,0,300,0.5,1700,0.5,1
4,3,854,2,10,5,0,300,0.5,1700,0.5,2
4,4,392,0,0,300,0.5,1700,0.5,1
4,5,213,1,0,500,0.6,1000,0.2,1400,0.2,0
4,6,964,2,10,5,0,500,0.6,1000,0.2,1400,0.2,1
5,0,797,2,10,5,0,500,0.6,1000,0.2,1400,0.2,0
5,1,878,2,10,5,0,500,0.6,1000,0.2,1400,0.2,2
5,2,189,2,10,5,0,500,0.6,1000,0.2,1400,0.2,0
5,3,752,1,0,300,0.5,1700,0.5,1
5,4,481,1,0,300,0.5,1700,0.5,2
5,5,808,0,0,300,0.5,1700,0.5,0
5,6,37,2,10,5,0,300,0.5,1700,0.5,2
6,0,321,1,0,500,0.6,1000,0.2,1400,0.2,2
6,1,168,2,10,5,0,300,0.5,1700,0.5,2
6,2,188,2,10,5,0,500,0.6,1000,0.2,1400,0.2,0
6,3,939,2,10,5,0,300,0.5,1700,0.5,1
6,4,891,2,10,5,0,500,0.6,1000,0.2,1400,0.2,0
6,5,66,1,0,500,0.6,1000,0.2,1400,0.2,1
6,6,923,1,0,500,0.6,1000,0.2,1400,0.2,2
