0,0,113,2,10,5,0,500,0.6,1000,0.2,1400,0.2,0
0,1,771,2,10,5,0,500,0.6,1000,0.2,1400,0.2,1
0,2,856,1,0,500,0.6,1000,0.2,1400,0.2,0
0,3,311,1,0,500,0.6,1000,0.2,1400,0.2,0
0,4,803,1,0,500,0.6,1000,0.2,1400,0.2,0
0,5,238,1,0,500,0.6,1000,0.2,1400,0.2,1
0,6,786,1,0,500,0.6,1000,0.2,1400,0.2,2
1,0,551,0,0,300,0.5,1700,0.5,2
1,1,887,1,0,300,0.5,1700,0.5,2
1,2,659,0,0,300,0.5,1700,0.5,0
1,3,568,2,10,5,0,300,0.5,1700,0.5,1
1,4,589,0,0,300,0.5,1700,0.5,1
1,5,898,0,0,500,0.6,1000,0.2,1400,0.2,1
1,6,456,2,10,5,0,300,0.5,1700,0.5,0
2,0,156,2,10,5,0,500,0.6,1000,0.2,1400,0.2,1
2,1,561,1,0,500,0.6,1000,0.2,1400,0.2,2
2,2,558,1,0,300,0.5,1700,0.5,0
2,3,157,1,0,500,0.6,1000,0.2,1400,0.2,2
2,4,147,2,10,5,0,300,0.5,1700,0.5,2
2,5,345,2,10,5,0,300,0.5,1700,0.5,0
2,6,970,2,10,5,0,300,0.5,1700,0.5,1
3,0,953,0,0,500,0.6,1000,0.2,1400,0.2,0
3,1,230,1,0,500,0.6,1000,0.2,1400,0.2,2
3,2,192,0,0,500,0.6,1000,0.2,1400,0.2,0
3,3,516,1,0,300,0.5,1700,0.5,1
3,4,558,2,10,5,0,500,0.6,1000,0.2,1400,0.2,2
3,5,40,0,0,300,0.5,1700,0.5,1
3,6,303,2,10,5,0,500,0.6,1000,0.2,1400,0.2,0
4,0,902,1,0,500,0.6,1000,0.2,1400,0.2,1
4,1,364,2,10,5,0,500,0.6,1000,0.2,1400,0.2,2
4,2,178,2,10,5,0,300,0.5,1700,0.5,1
4,3,184,0,0,300,0.5,1700,0.5,0
4,4,161,1,0,300,0.5,1700,0.5,2
4,5,156,2,10,5,0,300,0.5,1700,0.5,2
4,6,712,2,10,5,0,500,0.6,1000,0.2,1400,0.2,0
5,0,595,1,0,500,0.6,1000,0.2,1400,0.2,2
5,1,726,0,0,500,0.6,1000,0.2,1400,0.2,0
5,2,712,1,0,300,0.5,1700,0.5,0
5,3,613,0,0,500,0.6,1000,0.2,1400,0.2,0
5,4,24,1,0,500,0.6,1000,0.2,1400,0.2,2
5,5,596,2,10,5,0,300,0.5,1700,0.5,1
5,6,303,1,0,500,0.6,1000,0.2,1400,0.2,1
6,0,447,1,0,500,0.6,1000,0.2,1400,0.2,0
6,1,619,0,0,500,0.6,1000,0.2,1400,0.2,0
6,2,841,1,0,500,0.6,1000,0.2,1400,0.2,0
6,3,601,0,0,300,0.5,1700,0.5,0
6,4,880,2,10,5,0,500,0.6,1000,0.2,1400,0.2,2
6,5,662,0,0,300,0.5,1700,0.5,1
6,6,780,1,0,300,0.5,1700,0.5,1
