0,0,947,2,10,5,0,300,0.5,1700,0.5,0
0,1,242,2,10,5,0,500,0.6,1000,0.2,1400,0.2,0
0,2,742,0,0,500,0.6,1000,0.2,1400,0.2,0
0,3,378,2,10,5,0,500,0.6,1000,0.2,1400,0.2,2
0,4,727,0,0,500,0.6,1000,0.2,1400,0.2,0
0,5,581,2,10,5,0,300,0.5,1700,0.5,2
0,6,371,1,0,500,0.6,1000,0.2,1400,0.2,0
1,0,52,0,0,300,0.5,1700,0.5,0
1,1,21,0,0,300,0.5,1700,0.5,0
1,2,317,2,10,5,0,300,0.5,1700,0.5,1
1,3,461,1,0,500,0.6,1000,0.2,1400,0.2,0
1,4,279,2,10,5,0,500,0.6,1000,0.2,1400,0.2,0
1,5,102,2,10,5,0,300,0.5,1700,0.5,1
1,6,147,1,0,300,0.5,1700,0.5,2
2,0,738,0,0,500,0.6,1000,0.2,1400,0.2,1
2,1,802,2,10,5,0,300,0.5,1700,0.5,0
2,2,537,1,0,500,0.6,1000,0.2,1400,0.2,2
2,3,818,2,10,5,0,500,0.6,1000,0.2,1400,0.2,2
2,4,341,2,10,5,0,500,0.6,1000,0.2,1400,0.2,1
2,5,567,0,0,500,0.6,1000,0.2,1400,0.2,0
2,6,681,0,0,300,0.5,1700,0.5,0
3,0,16,2,10,5,0,300,0.5,1700,0.5,0
3,1,470,1,0,500,0.6,1000,0.2,1400,0.2,0
3,2,918,2,10,5,0,300,0.5,1700,0.5,1
3,3,102,1,0,300,0.5,1700,0.5,2
3,4,87,2,10,5,0,500,0.6,1000,0.2,1400,0.2,2
3,5,69,1,0,500,0.6,1000,0.2,1400,0.2,2
3,6,636,0,0,300,0.5,1700,0.5,1
4,0,711,0,0,300,0.5,1700,0.5,2
4,1,520,2,10,5,0,300,0.5,1700,0.5,2
4,2,347,2,10,5,0,300,0.5,1700,0.5,1
4,3,837,0,0,300,0.5,1700,0.5,2
4,4,251,0,0,300,0.5,1700,0.5,0
4,5,219,1,0,500,0.6,1000,0.2,1400,0.2,2
4,6,17,1,0,500,0.6,1000,0.2,1400,0.2,2
5,0,542,1,0,300,0.5,1700,0.5,2
5,1,162,0,0,500,0.6,1000,0.2,1400,0.2,0
5,2,860,2,10,5,0,300,0.5,1700,0.5,1
5,3,434,2,10,5,0,500,0.6,1000,0.2,1400,0.2,2
5,4,263,1,0,500,0.6,1000,0.2,1400,0.2,0
5,5,741,2,10,5,0,500,0.6,1000,0.2,1400,0.2,1
5,6,643,0,0,300,0.5,1700,0.5,1
6,0,244,1,0,300,0.5,1700,0.5,0
6,1,218,2,10,5,0,500,0.6,1000,0.2,1400,0.2,1
6,2,544,0,0,500,0.6,1000,0.2,1400,0.2,0
6,3,361,0,0,300,0.5,1700,0.5,2
6,4,988,1,0,500,0.6,1000,0.2,1400,0.2,1
6,5,952,1,0,300,0.5,1700,0.5,2
6,6,579,2,10,5,0,500,0.6,1000,0.2,1400,0.2,2
