0,0,452,2,10,5,0,300,0.5,1700,0.5,0
0,1,904,0,0,300,0.5,1700,0.5,0
0,2,761,1,0,500,0.6,1000,0.2,1400,0.2,2
0,3,843,1,0,500,0.6,1000,0.2,1400,0.2,1
0,4,909,0,0,500,0.6,1000,0.2,1400,0.2,0
0,5,681,0,0,500,0.6,1000,0.2,1400,0.2,0
0,6,824,0,0,500,0.6,1000,0.2,1400,0.2,1
1,0,327,2,10,5,0,300,0.5,1700,0.5,0
1,1,901,1,0,300,0.5,1700,0.5,2
1,2,348,0,0,500,0.6,1000,0.2,1400,0.2,2
1,3,939,1,0,300,0.5,1700,0.5,1
1,4,222,0,0,300,0.5,1700,0.5,1
1,5,771,2,10,5,0,500,0.6,1000,0.2,1400,0.2,2
1,6,853,2,10,5,0,500,0.6,1000,0.2,1400,0.2,0
2,0,925,0,0,300,0.5,1700,0.5,0
2,1,66,1,0,500,0.6,1000,0.2,1400,0.2,2
2,2,432,1,0,500,0.6,1000,0.2,1400,0.2,2
2,3,389,2,10,5,0,300,0.5,1700,0.5,1
2,4,44,2,10,5,0,300,0.5,1700,0.5,2
2,5,870,2,10,5,0,500,0.6,1000,0.2,1400,0.2,1
2,6,869,1,0,500,0.6,1000,0.2,1400,0.2,1
3,0,366,0,0,300,0.5,1700,0.5,2
3,1,262,0,0,300,0.5,1700,0.5,0
3,2,596,0,0,500,0.6,1000,0.2,1400,0.2,1
3,3,868,0,0,300,0.5,1700,0.5,2
3,4,357,0,0,300,0.5,1700,0.5,0
3,5,789,0,0,300,0.5,1700,0.5,0
3,6,847,1,0,300,0.5,1700,0.5,2
4,0,406,0,0,300,0.5,1700,0.5,2
4,1,459,0,0,500,0.6,1000,0.2,1400,0.2,1
4,2,912,2,10,5,0,300,0.5,1700,0.5,1
4,3,393,0,0,300,0.5,1700,0.5,1
4,4,244,2,10,5,0,500,0.6,1000,0.2,1400,0.2,2
4,5,306,1,0,300,0.5,1700,0.5,2
4,6,841,1,0,500,0.6,1000,0.2,1400,0.2,1
5,0,947,1,0,500,0.6,1000,0.2,1400,0.2,1
5,1,126,1,0,500,0.6,1000,0.2,1400,0.2,1
5,2,968,1,0,300,0.5,1700,0.5,0
5,3,546,1,0,300,0.5,1700,0.5,0
5,4,155,2,10,5,0,300,0.5,1700,0.5,2
5,5,456,2,10,5,0,300,0.5,1700,0.5,0
5,6,818,2,10,5,0,500,0.6,1000,0.2,1400,0.2,1
6,0,642,1,0,500,0.6,1000,0.2,1400,0.2,2
6,1,355,0,0,500,0.6,1000,0.2,1400,0.2,1
6,2,249,1,0,300,0.5,1700,0.5,2
6,3,540,2,10,5,0,500,0.6,1000,0.2,1400,0.2,2
6,4,406,1,0,300,0.5,1700,0.5,0
6,5,1000,2,10,5,0,300,0.5,1700,0.5,0
6,6,880,0,0,300,0.5,1700,0.5,1
