0,0,924,1,0,300,0.5,1700,0.5,1
0,1,816,1,0,300,0.5,1700,0.5,1
0,2,201,2,10,5,0,500,0.6,1000,0.2,1400,0.2,0
0,3,931,0,0,500,0.6,1000,0.2,1400,0.2,0
0,4,180,2,10,5,0,300,0.5,1700,0.5,2
0,5,935,0,0,300,0.5,1700,0.5,0
0,6,315,2,10,5,0,300,0.5,1700,0.5,1
1,0,148,0,0,500,0.6,1000,0.2,1400,0.2,2
1,1,612,2,10,5,0,300,0.5,1700,0.5,0
1,2,782,2,10,5,0,500,0.6,1000,0.2,1400,0.2,2
1,3,378,1,0,300,0.5,1700,0.5,0
1,4,146,2,10,5,0,300,0.5,1700,0.5,0
1,5,614,1,0,500,0.6,1000,0.2,1400,0.2,1
1,6,509,1,0,300,0.5,1700,0.5,2
2,0,270,0,0,500,0.6,1000,0.2,1400,0.2,0
2,1,229,2,10,5,0,500,0.6,1000,0.2,1400,0.2,0
2,2,314,2,10,5,0,500,0.6,1000,0.2,1400,0.2,2
2,3,739,2,10,5,0,300,0.5,1700,0.5,1
2,4,524,1,0,500,0.6,1000,0.2,1400,0.2,2
2,5,982,0,0,300,0.5,1700,0.5,2
2,6,527,0,0,500,0.6,1000,0.2,1400,0.2,0
3,0,18,2,10,5,0,300,0.5,1700,0.5,1
3,1,539,2,10,5,0,300,0.5,1700,0.5,1
3,2,138,0,0,300,0.5,1700,0.5,2
3,3,966,2,10,5,0,500,0.6,1000,0.2,1400,0.2,0
3,4,854,2,10,5,0,300,0.5,1700,0.5,2
3,5,542,2,10,5,0,500,0.6,1000,0.2,1400,0.2,0
3,6,477,2,10,5,0,500,0.6,1000,0.2,1400,0.2,0
4,0,824,1,0,500,0.6,1000,0.2,1400,0.2,0
4,1,708,1,0,500,0.6,1000,0.2,1400,0.2,0
4,2,847,0,0,500,0.6,1000,0.2,1400,0.2,1
4,3,227,1,0,500,0.6,1000,0.2,1400,0.2,2
4,4,335,2,10,5,0,500,0.6,1000,0.2,1400,0.2,1
4,5,126,2,10,5,0,300,0.5,1700,0.5,0
4,6,866,0,0,300,0.5,1700,0.5,1
5,0,774,1,0,500,0.6,1000,0.2,1400,0.2,1
5,1,546,0,0,500,0.6,1000,0.2,1400,0.2,1
5,2,334,1,0,500,0.6,1000,0.2,1400,0.2,0
5,3,325,2,10,5,0,500,0.6,1000,0.2,1400,0.2,0
5,4,58,2,10,5,0,500,0.6,1000,0.2,1400,0.2,1
5,5,67,2,10,5,0,500,0.6,1000,0.2,1400,0.2,0
5,6,720,2,10,5,0,500,0.6,1000,0.2,1400,0.2,2
6,0,142,2,10,5,0,500,0.6,1000,0.2,1400,0.2,0
6,1,257,0,0,500,0.6,1000,0.2,1400,0.2,1
6,2,14,0,0,300,0.5,1700,0.5,1
6,3,488,0,0,300,0.5,1700,0.5,1
6,4,168,1,0,500,0.6,1000,0.2,1400,0.2,0
6,5,967,1,0,300,0.5,1700,0.5,0
6,6,183,2,10,5,0,500,0.6,1000,0.2,1400,0.2,2
