0,0,626,0,0,500,0.6,1000,0.2,1400,0.2,2
0,1,347,0,0,300,0.5,1700,0.5,0
0,2,157,1,0,500,0.6,1000,0.2,1400,0.2,2
0,3,229,2,10,5,0,300,0.5,1700,0.5,1
0,4,523,2,10,5,0,500,0.6,1000,0.2,1400,0.2,1
0,5,345,1,0,300,0.5,1700,0.5,2
0,6,997,0,0,300,0.5,1700,0.5,2
1,0,766,0,0,300,0.5,1700,0.5,1
1,1,173,1,0,500,0.6,1000,0.2,1400,0.2,0
1,2,322,2,10,5,0,300,0.5,1700,0.5,0
1,3,346,0,0,300,0.5,1700,0.5,2
1,4,597,2,10,5,0,300,0.5,1700,0.5,1
1,5,208,1,0,500,0.6,1000,0.2,1400,0.2,0
1,6,437,2,10,5,0,300,0.5,1700,0.5,2
2,0,268,1,0,500,0.6,1000,0.2,1400,0.2,1
2,1,290,0,0,300,0.5,1700,0.5,1
2,2,802,1,0,300,0.5,1700,0.5,0
2,3,204,0,0,300,0.5,1700,0.5,1
2,4,866,0,0,500,0.6,1000,0.2,1400,0.2,1
2,5,436,2,10,5,0,500,0.6,1000,0.2,1400,0.2,2
2,6,334,0,0,300,0.5,1700,0.5,0
3,0,418,0,0,500,0.6,1000,0.2,1400,0.2,0
3,1,440,0,0,300,0.5,1700,0.5,2
3,2,648,1,0,500,0.6,1000,0.2,1400,0.2,1
3,3,480,0,0,300,0.5,1700,0.5,0
3,4,988,2,10,5,0,500,0.6,1000,0.2,1400,0.2,1
3,5,30,0,0,300,0.5,1700,0.5,1
3,6,276,0,0,500,0.6,1000,0.2,1400,0.2,1
4,0,148,1,0,500,0.6,1000,0.2,1400,0.2,1
4,1,218,1,0,500,0.6,1000,0.2,1400,0.2,0
4,2,832,0,0,500,0.6,1000,0.2,1400,0.2,2
4,3,505,2,10,5,0,500,0.6,1000,0.2,1400,0.2,0
4,4,873,1,0,300,0.5,1700,0.5,0
4,5,479,2,10,5,0,300,0.5,1700,0.5,2
4,6,600,1,0,500,0.6,1000,0.2,1400,0.2,0
5,0,179,1,0,300,0.5,1700,0.5,2
5,1,985,2,10,5,0,500,0.6,1000,0.2,1400,0.2,0
5,2,230,2,10,5,0,500,0.6,1000,0.2,1400,0.2,0
5,3,887,0,0,500,0.6,1000,0.2,1400,0.2,0
5,4,704,1,0,500,0.6,1000,0.2,1400,0.2,0
5,5,53,1,0,500,0.6,1000,0.2,1400,0.2,2
5,6,39,0,0,300,0.5,1700,0.5,1
6,0,304,1,0,300,0.5,1700,0.5,0
6,1,589,0,0,300,0.5,1700,0.5,2
6,2,350,1,0,500,0.6,1000,0.2,1400,0.2,1
6,3,736,2,10,5,0,500,0.6,1000,0.2,1400,0.2,1
6,4,922,0,0,500,0.6,1000,0.2,1400,0.2,1
6,5,416,2,10,5,0,500,0.6,1000,0.2,1400,0.2,1
6,6,696,1,0,300,0.5,1700,0.5,0
