0,0,863,2,10,5,0,300,0.5,1700,0.5,1
0,1,913,1,0,500,0.6,1000,0.2,1400,0.2,1
0,2,611,2,10,5,0,300,0.5,1700,0.5,1
0,3,695,2,10,5,0,300,0.5,1700,0.5,1
0,4,177,1,0,500,0.6,1000,0.2,1400,0.2,0
0,5,138,2,10,5,0,300,0.5,1700,0.5,2
0,6,318,2,10,5,0,500,0.6,1000,0.2,1400,0.2,0
1,0,630,2,10,5,0,500,0.6,1000,0.2,1400,0.2,1
1,1,793,2,10,5,0,300,0.5,1700,0.5,2
1,2,920,2,10,5,0,500,0.6,1000,0.2,1400,0.2,1
1,3,88,2,10,5,0,500,0.6,1000,0.2,1400,0.2,0
1,4,136,2,10,5,0,300,0.5,1700,0.5,0
1,5,911,0,0,500,0.6,1000,0.2,1400,0.2,2
1,6,230,2,10,5,0,500,0.6,1000,0.2,1400,0.2,1
2,0,468,1,0,500,0.6,1000,0.2,1400,0.2,1
2,1,821,2,10,5,0,500,0.6,1000,0.2,1400,0.2,2
2,2,425,1,0,300,0.5,1700,0.5,2
2,3,938,0,0,500,0.6,1000,0.2,1400,0.2,0
2,4,431,1,0,300,0.5,1700,0.5,1
2,5,662,2,10,5,0,500,0.6,1000,0.2,1400,0.2,0
2,6,988,1,0,300,0.5,1700,0.5,2
3,0,678,0,0,500,0.6,1000,0.2,1400,0.2,1
3,1,388,1,0,500,0.6,1000,0.2,1400,0.2,2
3,2,312,0,0,500,0.6,1000,0.2,1400,0.2,2
3,3,488,0,0,500,0.6,1000,0.2,1400,0.2,0
3,4,378,1,0,500,0.6,1000,0.2,1400,0.2,2
3,5,399,2,10,5,0,500,0.6,1000,0.2,1400,0.2,2
3,6,289,0,0,500,0.6,1000,0.2,1400,0.2,2
4,0,276,1,0,500,0.6,1000,0.2,1400,0.2,1
4,1,372,0,0,500,0.6,1000,0.2,1400,0.2,0
4,2,906,0,0,300,0.5,1700,0.5,0
4,3,120,1,0,500,0.6,1000,0.2,1400,0.2,2
4,4,890,2,10,5,0,500,0.6,1000,0.2,1400,0.2,1
4,5,467,1,0,300,0.5,1700,0.5,0
4,6,500,1,0,500,0.6,1000,0.2,1400,0.2,1
5,0,413,0,0,500,0.6,1000,0.2,1400,0.2,2
5,1,361,0,0,500,0.6,1000,0.2,1400,0.2,2
5,2,565,2,10,5,0,500,0.6,1000,0.2,1400,0.2,2
5,3,463,0,0,300,0.5,1700,0.5,0
5,4,920,2,10,5,0,300,0.5,1700,0.5,2
5,5,496,2,10,5,0,500,0.6,1000,0.2,1400,0.2,1
5,6,685,2,10,5,0,300,0.5,1700,0.5,2
6,0,197,1,0,500,0.6,1000,0.2,1400,0.2,1
6,1,828,0,0,300,0.5,1700,0.5,0
6,2,490,2,10,5,0,500,0.6,1000,0.2,1400,0.2,2
6,3,192,0,0,300,0.5,1700,0.5,0
6,4,548,0,0,500,0.6,1000,0.2,1400,0.2,1
6,5,393,1,0,300,0.5,1700,0.5,0
6,6,953,0,0,300,0.5,1700,0.5,1
