0,0,511,2,10,5,0,500,0.6,1000,0.2,1400,0.2,2
0,1,300,0,0,300,0.5,1700,0.5,1
0,2,222,0,0,500,0.6,1000,0.2,1400,0.2,0
0,3,502,2,10,5,0,500,0.6,1000,0.2,1400,0.2,2
0,4,216,0,0,500,0.6,1000,0.2,1400,0.2,0
0,5,718,1,0,300,0.5,1700,0.5,1
0,6,604,0,0,500,0.6,1000,0.2,1400,0.2,2
1,0,571,0,0,500,0.6,1000,0.2,1400,0.2,1
1,1,662,0,0,300,0.5,1700,0.5,0
1,2,911,0,0,300,0.5,1700,0.5,1
1,3,859,0,0,500,0.6,1000,0.2,1400,0.2,2
1,4,342,1,0,300,0.5,1700,0.5,1
1,5,230,1,0,500,0.6,1000,0.2,1400,0.2,2
1,6,691,0,0,500,0.6,1000,0.2,1400,0.2,2
2,0,228,2,10,5,0,500,0.6,1000,0.2,1400,0.2,0
2,1,248,1,0,500,0.6,1000,0.2,1400,0.2,0
2,2,196,0,0,500,0.6,1000,0.2,1400,0.2,0
2,3,727,2,10,5,0,500,0.6,1000,0.2,1400,0.2,2
2,4,151,1,0,300,0.5,1700,0.5,0
2,5,93,1,0,300,0.5,1700,0.5,1
2,6,432,1,0,500,0.6,1000,0.2,1400,0.2,1
3,0,609,2,10,5,0,300,0.5,1700,0.5,2
3,1,858,0,0,300,0.5,1700,0.5,1
3,2,574,1,0,500,0.6,1000,0.2,1400,0.2,0
3,3,535,0,0,500,0.6,1000,0.2,1400,0.2,0
3,4,852,2,10,5,0,300,0.5,1700,0.5,1
3,5,273,2,10,5,0,300,0.5,1700,0.5,2
3,6,639,0,0,500,0.6,1000,0.2,1400,0.2,1
4,0,36,1,0,500,0.6,1000,0.2,1400,0.2,0
4,1,822,1,0,300,0.5,1700,0.5,1
4,2,273,0,0,300,0.5,1700,0.5,1
4,3,678,1,0,500,0.6,1000,0.2,1400,0.2,2
4,4,113,0,0,300,0.5,1700,0.5,2
4,5,824,0,0,300,0.5,1700,0.5,2
4,6,290,0,0,500,0.6,1000,0.2,1400,0.2,1
5,0,149,1,0,500,0.6,1000,0.2,1400,0.2,0
5,1,508,2,10,5,0,300,0.5,1700,0.5,0
5,2,468,2,10,5,0,500,0.6,1000,0.2,1400,0.2,2
5,3,103,2,10,5,0,300,0.5,1700,0.5,0
5,4,493,0,0,300,0.5,1700,0.5,2
5,5,698,1,0,500,0.6,1000,0.2,1400,0.2,1
5,6,140,2,10,5,0,300,0.5,1700,0.5,2
6,0,903,1,0,500,0.6,1000,0.2,1400,0.2,2
6,1,805,1,0,300,0.5,1700,0.5,1
6,2,413,1,0,300,0.5,1700,0.5,2
6,3,807,0,0,300,0.5,1700,0.5,2
6,4,77,2,10,5,0,500,0.6,1000,0.2,1400,0.2,1
6,5,214,0,0,300,0.5,1700,0.5,2
6,6,621,1,0,500,0.6,1000,0.2,1400,0.2,0
