0,0,386,1,0,500,0.6,1000,0.2,1400,0.2,0
0,1,498,1,0,300,0.5,1700,0.5,2
0,2,986,2,10,5,0,300,0.5,1700,0.5,1
0,3,404,1,0,300,0.5,1700,0.5,1
0,4,536,2,10,5,0,300,0.5,1700,0.5,0
0,5,633,2,10,5,0,300,0.5,1700,0.5,1
0,6,788,0,0,500,0.6,1000,0.2,1400,0.2,0
1,0,81,0,0,300,0.5,1700,0.5,0
1,1,241,1,0,500,0.6,1000,0.2,1400,0.2,2
1,2,628,0,0,500,0.6,1000,0.2,1400,0.2,1
1,3,759,2,10,5,0,300,0.5,1700,0.5,1
1,4,337,2,10,5,0,300,0.5,1700,0.5,1
1,5,999,0,0,300,0.5,1700,0.5,0
1,6,297,1,0,500,0.6,1000,0.2,1400,0.2,0
2,0,44,0,0,300,0.5,1700,0.5,1
2,1,506,1,0,300,0.5,1700,0.5,2
2,2,829,2,10,5,0,500,0.6,1000,0.2,1400,0.2,1
2,3,88,1,0,500,0.6,1000,0.2,1400,0.2,1
2,4,916,2,10,5,0,500,0.6,1000,0.2,1400,0.2,2
2,5,278,0,0,500,0.6,1000,0.2,1400,0.2,1
2,6,697,2,10,5,0,300,0.5,1700,0.5,0
3,0,624,2,10,5,0,300,0.5,1700,0.5,0
3,1,173,0,0,500,0.6,1000,0.2,1400,0.2,1
3,2,355,2,10,5,0,500,0.6,1000,0.2,1400,0.2,0
3,3,238,2,10,5,0,300,0.5,1700,0.5,2
3,4,457,1,0,500,0.6,1000,0.2,1400,0.2,1
3,5,520,2,10,5,0,300,0.5,1700,0.5,2
3,6,222,2,10,5,0,500,0.6,1000,0.2,1400,0.2,0
4,0,181,2,10,5,0,500,0.6,1000,0.2,1400,0.2,0
4,1,489,0,0,300,0.5,1700,0.5,0
4,2,932,2,10,5,0,300,0.5,1700,0.5,1
4,3,563,1,0,500,0.6,1000,0.2,1400,0.2,0
4,4,340,1,0,500,0.6,1000,0.2,1400,0.2,1
4,5,602,1,0,500,0.6,1000,0.2,1400,0.2,0
4,6,610,2,10,5,0,300,0.5,1700,0.5,0
5,0,655,0,0,300,0.5,1700,0.5,1
5,1,528,2,10,5,0,500,0.6,1000,0.2,1400,0.2,2
5,2,867,1,0,300,0.5,1700,0.5,1
5,3,174,0,0,500,0.6,1000,0.2,1400,0.2,1
5,4,164,1,0,500,0.6,1000,0.2,1400,0.2,0
5,5,548,2,10,5,0,300,0.5,1700,0.5,0
5,6,827,1,0,300,0.5,1700,0.5,1
6,0,540,2,10,5,0,300,0.5,1700,0.5,2
6,1,276,0,0,300,0.5,1700,0.5,0
6,2,72,0,0,300,0.5,1700,0.5,1
6,3,390,1,0,500,0.6,1000,0.2,1400,0.2,1
6,4,19,0,0,500,0.6,1000,0.2,1400,0.2,2
6,5,370,0,0,300,0.5,1700,0.5,2
6,6,509,2,10,5,0,500,0.6,1000,0.2,1400,0.2,1
