0,0,651,1,0,500,0.6,1000,0.2,1400,0.2,0
0,1,187,0,0,300,0.5,1700,0.5,1
0,2,595,2,10,5,0,300,0.5,1700,0.5,1
0,3,380,1,0,300,0.5,1700,0.5,2
0,4,91,1,0,300,0.5,1700,0.5,1
0,5,282,2,10,5,0,300,0.5,1700,0.5,0
0,6,338,1,0,300,0.5,1700,0.5,2
1,0,804,2,10,5,0,500,0.6,1000,0.2,1400,0.2,1
1,1,502,1,0,300,0.5,1700,0.5,0
1,2,444,1,0,300,0.5,1700,0.5,2
1,3,922,0,0,500,0.6,1000,0.2,1400,0.2,0
1,4,355,2,10,5,0,300,0.5,1700,0.5,1
1,5,608,1,0,500,0.6,1000,0.2,1400,0.2,1
1,6,131,1,0,300,0.5,1700,0.5,0
2,0,679,2,10,5,0,300,0.5,1700,0.5,0
2,1,749,1,0,300,0.5,1700,0.5,2
2,2,240,1,0,500,0.6,1000,0.2,1400,0.2,0
2,3,73,0,0,500,0.6,1000,0.2,1400,0.2,0
2,4,299,2,10,5,0,500,0.6,1000,0.2,1400,0.2,1
2,5,382,0,0,300,0.5,1700,0.5,0
2,6,412,1,0,300,0.5,1700,0.5,0
3,0,893,1,0,500,0.6,1000,0.2,1400,0.2,0
3,1,790,0,0,500,0.6,1000,0.2,1400,0.2,1
3,2,661,1,0,500,0.6,1000,0.2,1400,0.2,0
3,3,115,2,10,5,0,500,0.6,1000,0.2,1400,0.2,2
3,4,667,0,0,300,0.5,1700,0.5,1
3,5,823,1,0,300,0.5,1700,0.5,1
3,6,574,0,0,300,0.5,1700,0.5,1
4,0,58,2,10,5,0,500,0.6,1000,0.2,1400,0.2,2
4,1,877,1,0,300,0.5,1700,0.5,0
4,2,870,1,0,500,0.6,1000,0.2,1400,0.2,2
4,3,365,0,0,500,0.6,1000,0.2,1400,0.2,2
4,4,763,0,0,300,0.5,1700,0.5,0
4,5,820,2,10,5,0,300,0.5,1700,0.5,1
4,6,252,0,0,500,0.6,1000,0.2,1400,0.2,1
5,0,770,2,10,5,0,300,0.5,1700,0.5,2
5,1,619,0,0,500,0.6,1000,0.2,1400,0.2,2
5,2,934,2,10,5,0,500,0.6,1000,0.2,1400,0.2,1
5,3,505,1,0,300,0.5,1700,0.5,2
5,4,647,2,10,5,0,300,0.5,1700,0.5,2
5,5,492,0,0,300,0.5,1700,0.5,0
5,6,693,1,0,300,0.5,1700,0.5,1
6,0,403,0,0,300,0.5,1700,0.5,1
6,1,977,2,10,5,0,300,0.5,1700,0.5,2
6,2,629,2,10,5,0,500,0.6,1000,0.2,1400,0.2,2
6,3,152,2,10,5,0,500,0.6,1000,0.2,1400,0.2,1
6,4,425,1,0,300,0.5,1700,0.5,1
6,5,498,0,0,300,0.5,1700,0.5,0
6,6,710,1,0,500,0.6,1000,0.2,1400,0.2,1
