0,0,719,1,0,300,0.5,1700,0.5,0
0,1,175,0,0,500,0.6,1000,0.2,1400,0.2,1
0,2,391,1,0,500,0.6,1000,0.2,1400,0.2,0
0,3,662,1,0,500,0.6,1000,0.2,1400,0.2,1
0,4,24,1,0,300,0.5,1700,0.5,2
0,5,400,2,10,5,0,300,0.5,1700,0.5,2
0,6,866,1,0,500,0.6,1000,0.2,1400,0.2,0
1,0,320,1,0,500,0.6,1000,0.2,1400,0.2,2
1,1,141,1,0,300,0.5,1700,0.5,2
1,2,987,2,10,5,0,300,0.5,1700,0.5,0
1,3,273,1,0,300,0.5,1700,0.5,0
1,4,570,0,0,300,0.5,1700,0.5,1
1,5,134,2,10,5,0,500,0.6,1000,0.2,1400,0.2,0
1,6,120,1,0,500,0.6,1000,0.2,1400,0.2,2
2,0,794,1,0,500,0.6,1000,0.2,1400,0.2,2
2,1,718,1,0,500,0.6,1000,0.2,1400,0.2,1
2,2,193,2,10,5,0,500,0.6,1000,0.2,1400,0.2,1
2,3,438,1,0,500,0.6,1000,0.2,1400,0.2,0
2,4,57,2,10,5,0,500,0.6,1000,0.2,1400,0.2,2
2,5,132,1,0,300,0.5,1700,0.5,2
2,6,624,2,10,5,0,300,0.5,1700,0.5,1
3,0,322,0,0,500,0.6,1000,0.2,1400,0.2,2
3,1,536,1,0,500,0.6,1000,0.2,1400,0.2,0
3,2,482,2,10,5,0,300,0.5,1700,0.5,1
3,3,160,0,0,500,0.6,1000,0.2,1400,0.2,0
3,4,917,0,0,300,0.5,1700,0.5,1
3,5,481,1,0,300,0.5,1700,0.5,0
3,6,112,1,0,300,0.5,1700,0.5,0
4,0,213,2,10,5,0,500,0.6,1000,0.2,1400,0.2,1
4,1,914,0,0,300,0.5,1700,0.5,2
4,2,614,1,0,300,0.5,1700,0.5,2
4,3,445,1,0,300,0.5,1700,0.5,2
4,4,545,2,10,5,0,500,0.6,1000,0.2,1400,0.2,2
4,5,1000,0,0,300,0.5,1700,0.5,2
4,6,983,2,10,5,0,500,0.6,1000,0.2,1400,0.2,0
5,0,401,2,10,5,0,500,0.6,1000,0.2,1400,0.2,1
5,1,543,1,0,500,0.6,1000,0.2,1400,0.2,2
5,2,717,2,10,5,0,500,0.6,1000,0.2,1400,0.2,1
5,3,850,1,0,500,0.6,1000,0.2,1400,0.2,2
5,4,907,1,0,500,0.6,1000,0.2,1400,0.2,2
5,5,472,2,10,5,0,300,0.5,1700,0.5,1
5,6,670,1,0,300,0.5,1700,0.5,0
6,0,589,2,10,5,0,300,0.5,1700,0.5,0
6,1,706,1,0,300,0.5,1700,0.5,0
6,2,787,0,0,300,0.5,1700,0.5,0
6,3,528,1,0,500,0.6,1000,0.2,1400,0.2,2
6,4,498,1,0,500,0.6,1000,0.2,1400,0.2,1
6,5,794,1,0,300,0.5,1700,0.5,2
6,6,785,2,10,5,0,500,0.6,1000,0.2,1400,0.2,2
