0,0,289,1,0,500,0.6,1000,0.2,1400,0.2,1
0,1,975,0,0,300,0.5,1700,0.5,2
0,2,292,0,0,300,0.5,1700,0.5,0
0,3,382,2,10,5,0,300,0.5,1700,0.5,2
0,4,227,0,0,300,0.5,1700,0.5,1
0,5,475,2,10,5,0,300,0.5,1700,0.5,0
0,6,276,0,0,500,0.6,1000,0.2,1400,0.2,1
1,0,648,2,10,5,0,300,0.5,1700,0.5,1
1,1,12,2,10,5,0,300,0.5,1700,0.5,2
1,2,574,0,0,300,0.5,1700,0.5,0
1,3,589,2,10,5,0,300,0.5,1700,0.5,1
1,4,810,0,0,300,0.5,1700,0.5,2
1,5,636,1,0,300,0.5,1700,0.5,1
1,6,998,0,0,500,0.6,1000,0.2,1400,0.2,1
2,0,125,2,10,5,0,500,0.6,1000,0.2,1400,0.2,0
2,1,798,2,10,5,0,300,0.5,1700,0.5,1
2,2,947,2,10,5,0,300,0.5,1700,0.5,0
2,3,15,0,0,300,0.5,1700,0.5,0
2,4,539,0,0,300,0.5,1700,0.5,0
2,5,972,1,0,500,0.6,1000,0.2,1400,0.2,0
2,6,362,1,0,500,0.6,1000,0.2,1400,0.2,1
3,0,367,0,0,300,0.5,1700,0.5,1
3,1,407,2,10,5,0,300,0.5,1700,0.5,2
3,2,604,0,0,500,0.6,1000,0.2,1400,0.2,1
3,3,264,0,0,500,0.6,1000,0.2,1400,0.2,1
3,4,868,2,10,5,0,500,0.6,1000,0.2,1400,0.2,0
3,5,773,1,0,500,0.6,1000,0.2,1400,0.2,2
3,6,437,1,0,300,0.5,1700,0.5,0
4,0,92,2,10,5,0,300,0.5,1700,0.5,0
4,1,422,2,10,5,0,500,0.6,1000,0.2,1400,0.2,1
4,2,476,2,10,5,0,300,0.5,1700,0.5,0
4,3,486,1,0,500,0.6,1000,0.2,1400,0.2,0
4,4,899,0,0,300,0.5,1700,0.5,0
4,5,891,2,10,5,0,500,0.6,1000,0.2,1400,0.2,2
4,6,716,2,10,5,0,500,0.6,1000,0.2,1400,0.2,1
5,0,580,0,0,500,0.6,1000,0.2,1400,0.2,0
5,1,636,1,0,500,0.6,1000,0.2,1400,0.2,2
5,2,595,1,0,500,0.6,1000,0.2,1400,0.2,1
5,3,333,2,10,5,0,300,0.5,1700,0.5,1
5,4,856,1,0,300,0.5,1700,0.5,1
5,5,420,0,0,500,0.6,1000,0.2,1400,0.2,1
5,6,216,1,0,300,0.5,1700,0.5,2
6,0,504,2,10,5,0,300,0.5,1700,0.5,1
6,1,312,0,0,300,0.5,1700,0.5,1
6,2,923,0,0,500,0.6,1000,0.2,1400,0.2,0
6,3,962,2,10,5,0,300,0.5,1700,0.5,0
6,4,449,1,0,500,0.6,1000,0.2,1400,0.2,2
6,5,872,2,10,5,0,300,0.5,1700,0.5,1
6,6,602,2,10,5,0,300,0.5,1700,0.5,2
