0,0,78,1,0,300,0.5,1700,0.5,2
0,1,298,0,0,500,0.6,1000,0.2,1400,0.2,1
0,2,510,1,0,500,0.6,1000,0.2,1400,0.2,0
0,3,44,0,0,300,0.5,1700,0.5,0
0,4,472,1,0,300,0.5,1700,0.5,0
0,5,931,2,10,5,0,500,0.6,1000,0.2,1400,0.2,0
0,6,689,1,0,300,0.5,1700,0.5,2
1,0,951,0,0,500,0.6,1000,0.2,1400,0.2,2
1,1,155,1,0,500,0.6,1000,0.2,1400,0.2,0
1,2,956,2,10,5,0,500,0.6,1000,0.2,1400,0.2,2
1,3,308,1,0,500,0.6,1000,0.2,1400,0.2,0
1,4,848,2,10,5,0,500,0.6,1000,0.2,1400,0.2,1
1,5,529,1,0,300,0.5,1700,0.5,0
1,6,148,1,0,300,0.5,1700,0.5,0
2,0,264,0,0,300,0.5,1700,0.5,1
2,1,850,0,0,300,0.5,1700,0.5,2
2,2,51,1,0,500,0.6,1000,0.2,1400,0.2,2
2,3,485,0,0,300,0.5,1700,0.5,2
2,4,809,2,10,5,0,500,0.6,1000,0.2,1400,0.2,2
2,5,872,0,0,500,0.6,1000,0.2,1400,0.2,0
2,6,495,1,0,300,0.5,1700,0.5,2
3,0,58,1,0,500,0.6,1000,0.2,1400,0.2,1
3,1,72,0,0,500,0.6,1000,0.2,1400,0.2,2
3,2,442,2,10,5,0,300,0.5,1700,0.5,1
3,3,363,0,0,300,0.5,1700,0.5,0
3,4,667,1,0,300,0.5,1700,0.5,2
3,5,40,2,10,5,0,300,0.5,1700,0.5,0
3,6,723,1,0,500,0.6,1000,0.2,1400,0.2,1
4,0,378,1,0,500,0.6,1000,0.2,1400,0.2,1
4,1,654,1,0,300,0.5,1700,0.5,1
4,2,811,1,0,500,0.6,1000,0.2,1400,0.2,2
4,3,502,2,10,5,0,500,0.6,1000,0.2,1400,0.2,1
4,4,423,2,10,5,0,500,0.6,1000,0.2,1400,0.2,0
4,5,628,1,0,300,0.5,1700,0.5,1
4,6,754,1,0,500,0.6,1000,0.2,1400,0.2,1
5,0,188,2,10,5,0,300,0.5,1700,0.5,1
5,1,454,2,10,5,0,500,0.6,1000,0.2,1400,0.2,0
5,2,954,2,10,5,0,500,0.6,1000,0.2,1400,0.2,2
5,3,559,2,10,5,0,300,0.5,1700,0.5,2
5,4,300,0,0,300,0.5,1700,0.5,0
5,5,362,0,0,300,0.5,1700,0.5,0
5,6,544,0,0,500,0.6,1000,0.2,1400,0.2,2
6,0,873,1,0,500,0.6,1000,0.2,1400,0.2,0
6,1,41,1,0,300,0.5,1700,0.5,0
6,2,645,2,10,5,0,300,0.5,1700,0.5,1
6,3,618,1,0,500,0.6,1000,0.2,1400,0.2,1
6,4,175,2,10,5,0,300,0.5,1700,0.5,0
6,5,307,0,0,300,0.5,1700,0.5,1
6,6,79,1,0,500,0.6,1000,0.2,1400,0.2,2
