0,0,959,0,0,300,0.5,1700,0.5,2
0,1,616,1,0,500,0.6,1000,0.2,1400,0.2,0
0,2,716,2,10,5,0,300,0.5,1700,0.5,2
0,3,728,2,10,5,0,500,0.6,1000,0.2,1400,0.2,0
0,4,901,0,0,500,0.6,1000,0.2,1400,0.2,2
0,5,441,1,0,300,0.5,1700,0.5,0
0,6,249,1,0,300,0.5,1700,0.5,1
1,0,449,0,0,500,0.6,1000,0.2,1400,0.2,0
1,1,86,2,10,5,0,500,0.6,1000,0.2,1400,0.2,2
1,2,456,1,0,300,0.5,1700,0.5,1
1,3,380,0,0,500,0.6,1000,0.2,1400,0.2,1
1,4,791,0,0,500,0.6,1000,0.2,1400,0.2,2
1,5,685,0,0,500,0.6,1000,0.2,1400,0.2,0
1,6,614,2,10,5,0,300,0.5,1700,0.5,1
2,0,819,0,0,500,0.6,1000,0.2,1400,0.2,1
2,1,958,0,0,300,0.5,1700,0.5,0
2,2,32,1,0,300,0.5,1700,0.5,2
2,3,266,1,0,300,0.5,1700,0.5,2
2,4,182,2,10,5,0,300,0.5,1700,0.5,1
2,5,737,0,0,500,0.6,1000,0.2,1400,0.2,2
2,6,240,0,0,500,0.6,1000,0.2,1400,0.2,2
3,0,377,0,0,500,0.6,1000,0.2,1400,0.2,0
3,1,751,2,10,5,0,500,0.6,1000,0.2,1400,0.2,1
3,2,454,0,0,300,0.5,1700,0.5,2
3,3,781,2,10,5,0,500,0.6,1000,0.2,1400,0.2,1
3,4,837,0,0,300,0.5,1700,0.5,1
3,5,238,1,0,500,0.6,1000,0.2,1400,0.2,2
3,6,427,2,10,5,0,300,0.5,1700,0.5,0
4,0,980,0,0,300,0.5,1700,0.5,2
4,1,590,0,0,500,0.6,1000,0.2,1400,0.2,0
4,2,839,2,10,5,0,500,0.6,1000,0.2,1400,0.2,2
4,3,920,1,0,500,0.6,1000,0.2,1400,0.2,1
4,4,57,0,0,500,0.6,1000,0.2,1400,0.2,0
4,5,935,1,0,500,0.6,1000,0.2,1400,0.2,1
4,6,708,1,0,500,0.6,1000,0.2,1400,0.2,2
5,0,33,1,0,500,0.6,1000,0.2,1400,0.2,1
5,1,644,2,10,5,0,300,0.5,1700,0.5,0
5,2,278,0,0,500,0.6,1000,0.2,1400,0.2,1
5,3,392,1,0,500,0.6,1000,0.2,1400,0.2,2
5,4,237,1,0,500,0.6,1000,0.2,1400,0.2,1
5,5,24,2,10,5,0,300,0.5,1700,0.5,1
5,6,892,2,10,5,0,500,0.6,1000,0.2,1400,0.2,0
6,0,540,2,10,5,0,500,0.6,1000,0.2,1400,0.2,1
6,1,918,2,10,5,0,300,0.5,1700,0.5,2
6,2,950,2,10,5,0,500,0.6,1000,0.2,1400,0.2,2
6,3,86,0,0,500,0.6,1000,0.2,1400,0.2,0
6,4,834,2,10,5,0,500,0.6,1000,0.2,1400,0.2,1
6,5,815,0,0,500,0.6,1000,0.2,1400,0.2,0
6,6,971,2,10,5,0,500,0.6,1000,0.2,1400,0.2,0
