0,0,67,2,10,5,0,500,0.6,1000,0.2,1400,0.2,0
0,1,970,0,0,500,0.6,1000,0.2,1400,0.2,0
0,2,966,1,0,500,0.6,1000,0.2,1400,0.2,0
0,3,79,2,10,5,0,500,0.6,1000,0.2,1400,0.2,1
0,4,197,0,0,300,0.5,1700,0.5,0
0,5,811,1,0,500,0.6,1000,0.2,1400,0.2,0
0,6,941,2,10,5,0,300,0.5,1700,0.5,1
1,0,952,1,0,300,0.5,1700,0.5,0
1,1,332,0,0,300,0.5,1700,0.5,2
1,2,696,2,10,5,0,300,0.5,1700,0.5,0
1,3,990,1,0,500,0.6,1000,0.2,1400,0.2,1
1,4,505,0,0,300,0.5,1700,0.5,2
1,5,639,2,10,5,0,300,0.5,1700,0.5,0
1,6,420,1,0,300,0.5,1700,0.5,0
2,0,238,0,0,300,0.5,1700,0.5,2
2,1,439,1,0,500,0.6,1000,0.2,1400,0.2,0
2,2,447,0,0,300,0.5,1700,0.5,1
2,3,73,2,10,5,0,300,0.5,1700,0.5,2
2,4,301,1,0,300,0.5,1700,0.5,2
2,5,903,1,0,300,0.5,1700,0.5,2
2,6,985,1,0,300,0.5,1700,0.5,0
3,0,593,2,10,5,0,500,0.6,1000,0.2,1400,0.2,0
3,1,236,2,10,5,0,500,0.6,1000,0.2,1400,0.2,2
3,2,790,1,0,300,0.5,1700,0.5,2
3,3,550,1,0,300,0.5,1700,0.5,1
3,4,46,1,0,300,0.5,1700,0.5,0
3,5,692,2,10,5,0,300,0.5,1700,0.5,0
3,6,168,2,10,5,0,500,0.6,1000,0.2,1400,0.2,2
4,0,679,2,10,5,0,500,0.6,1000,0.2,1400,0.2,1
4,1,346,2,10,5,0,500,0.6,1000,0.2,1400,0.2,2
4,2,14,1,0,500,0.6,1000,0.2,1400,0.2,2
4,3,930,0,0,300,0.5,1700,0.5,1
4,4,896,0,0,500,0.6,1000,0.2,1400,0.2,2
4,5,765,2,10,5,0,500,0.6,1000,0.2,1400,0.2,1
4,6,765,1,0,500,0.6,1000,0.2,1400,0.2,1
5,0,934,0,0,500,0.6,1000,0.2,1400,0.2,2
5,1,748,2,10,5,0,300,0.5,1700,0.5,0
5,2,808,2,10,5,0,500,0.6,1000,0.2,1400,0.2,2
5,3,675,0,0,500,0.6,1000,0.2,1400,0.2,1
5,4,254,1,0,500,0.6,1000,0.2,1400,0.2,1
5,5,713,1,0,500,0.6,1000,0.2,1400,0.2,2
5,6,463,1,0,500,0.6,1000,0.2,1400,0.2,1
6,0,36,1,0,300,0.5,1700,0.5,1
6,1,549,0,0,300,0.5,1700,0.5,1
6,2,158,2,10,5,0,300,0.5,1700,0.5,0
6,3,36,2,10,5,0,300,0.5,1700,0.5,2
6,4,40,0,0,300,0.5,1700,0.5,0
6,5,948,1,0,300,0.5,1700,0.5,1
6,6,922,1,0,300,0.5,1700,0.5,1
