0,0,303,2,10,5,0,500,0.6,1000,0.2,1400,0.2,0
0,1,352,2,10,5,0,500,0.6,1000,0.2,1400,0.2,0
0,2,493,1,0,500,0.6,1000,0.2,1400,0.2,1
0,3,559,0,0,300,0.5,1700,0.5,2
0,4,889,0,0,300,0.5,1700,0.5,1
0,5,429,0,0,500,0.6,1000,0.2,1400,0.2,2
0,6,500,0,0,500,0.6,1000,0.2,1400,0.2,0
1,0,834,1,0,300,0.5,1700,0.5,2
1,1,892,0,0,500,0.6,1000,0.2,1400,0.2,0
1,2,872,0,0,300,0.5,1700,0.5,1
1,3,203,2,10,5,0,300,0.5,1700,0.5,0
1,4,352,2,10,5,0,500,0.6,1000,0.2,1400,0.2,2
1,5,554,1,0,500,0.6,1000,0.2,1400,0.2,0
1,6,435,2,10,5,0,300,0.5,1700,0.5,2
2,0,31,1,0,500,0.6,1000,0.2,1400,0.2,1
2,1,861,2,10,5,0,300,0.5,1700,0.5,1
2,2,386,1,0,300,0.5,1700,0.5,0
2,3,452,1,0,500,0.6,1000,0.2,1400,0.2,1
2,4,271,2,10,5,0,500,0.6,1000,0.2,1400,0.2,1
2,5,610,2,10,5,0,300,0.5,1700,0.5,1
2,6,459,0,0,300,0.5,1700,0.5,1
3,0,392,0,0,500,0.6,1000,0.2,1400,0.2,1
3,1,621,2,10,5,0,500,0.6,1000,0.2,1400,0.2,1
3,2,170,2,10,5,0,500,0.6,1000,0.2,1400,0.2,2
3,3,911,1,0,500,0.6,1000,0.2,1400,0.2,0
3,4,508,2,10,5,0,500,0.6,1000,0.2,1400,0.2,2
3,5,569,1,0,300,0.5,1700,0.5,0
3,6,774,1,0,500,0.6,1000,0.2,1400,0.2,2
4,0,284,2,10,5,0,500,0.6,1000,0.2,1400,0.2,0
4,1,540,2,10,5,0,300,0.5,1700,0.5,1
4,2,72,2,10,5,0,500,0.6,1000,0.2,1400,0.2,1
4,3,366,1,0,500,0.6,1000,0.2,1400,0.2,1
4,4,535,1,0,300,0.5,1700,0.5,0
4,5,642,1,0,500,0.6,1000,0.2,1400,0.2,0
4,6,829,1,0,500,0.6,1000,0.2,1400,0.2,0
5,0,556,0,0,500,0.6,1000,0.2,1400,0.2,1
5,1,684,0,0,500,0.6,1000,0.2,1400,0.2,2
5,2,447,0,0,300,0.5,1700,0.5,1
5,3,756,2,10,5,0,300,0.5,1700,0.5,0
5,4,875,2,10,5,0,500,0.6,1000,0.2,1400,0.2,1
5,5,669,1,0,500,0.6,1000,0.2,1400,0.2,1
5,6,127,0,0,500,0.6,1000,0.2,1400,0.2,1
6,0,78,0,0,300,0.5,1700,0.5,1
6,1,113,0,0,300,0.5,1700,0.5,0
6,2,687,1,0,300,0.5,1700,0.5,0
6,3,229,1,0,300,0.5,1700,0.5,2
6,4,471,1,0,300,0.5,1700,0.5,1
6,5,380,1,0,500,0.6,1000,0.2,1400,0.2,2
6,6,671,0,0,300,0.5,1700,0.5,1
