0,0,131,2,10,5,0,300,0.5,1700,0.5,0
0,1,194,1,0,300,0.5,1700,0.5,2
0,2,439,1,0,500,0.6,1000,0.2,1400,0.2,2
0,3,499,1,0,500,0.6,1000,0.2,1400,0.2,1
0,4,775,0,0,500,0.6,1000,0.2,1400,0.2,2
0,5,625,2,10,5,0,300,0.5,1700,0.5,2
0,6,510,1,0,500,0.6,1000,0.2,1400,0.2,1
1,0,667,2,10,5,0,500,0.6,1000,0.2,1400,0.2,0
1,1,387,0,0,300,0.5,1700,0.5,2
1,2,457,2,10,5,0,300,0.5,1700,0.5,2
1,3,277,1,0,300,0.5,1700,0.5,1
1,4,880,1,0,500,0.6,1000,0.2,1400,0.2,0
1,5,133,1,0,300,0.5,1700,0.5,0
1,6,344,0,0,500,0.6,1000,0.2,1400,0.2,1
2,0,735,0,0,500,0.6,1000,0.2,1400,0.2,1
2,1,907,0,0,500,0.6,1000,0.2,1400,0.2,0
2,2,943,0,0,300,0.5,1700,0.5,0
2,3,451,1,0,300,0.5,1700,0.5,1
2,4,308,1,0,500,0.6,1000,0.2,1400,0.2,1
2,5,262,1,0,300,0.5,1700,0.5,1
2,6,428,0,0,300,0.5,1700,0.5,1
3,0,60,2,10,5,0,500,0.6,1000,0.2,1400,0.2,2
3,1,740,2,10,5,0,500,0.6,1000,0.2,1400,0.2,2
3,2,549,2,10,5,0,500,0.6,1000,0.2,1400,0.2,2
3,3,629,1,0,300,0.5,1700,0.5,1
3,4,870,1,0,300,0.5,1700,0.5,1
3,5,275,1,0,300,0.5,1700,0.5,0
3,6,550,1,0,500,0.6,1000,0.2,1400,0.2,0
4,0,317,0,0,500,0.6,1000,0.2,1400,0.2,0
4,1,461,0,0,500,0.6,1000,0.2,1400,0.2,2
4,2,96,0,0,500,0.6,1000,0.2,1400,0.2,0
4,3,366,1,0,500,0.6,1000,0.2,1400,0.2,1
4,4,216,1,0,300,0.5,1700,0.5,1
4,5,627,1,0,500,0.6,1000,0.2,1400,0.2,1
4,6,56,2,10,5,0,300,0.5,1700,0.5,2
5,0,991,1,0,500,0.6,1000,0.2,1400,0.2,0
5,1,818,1,0,300,0.5,1700,0.5,2
5,2,441,2,10,5,0,300,0.5,1700,0.5,1
5,3,219,0,0,300,0.5,1700,0.5,1
5,4,68,2,10,5,0,500,0.6,1000,0.2,1400,0.2,2
5,5,950,2,10,5,0,300,0.5,1700,0.5,1
5,6,840,2,10,5,0,500,0.6,1000,0.2,1400,0.2,2
6,0,799,1,0,300,0.5,1700,0.5,1
6,1,420,1,0,500,0.6,1000,0.2,1400,0.2,1
6,2,95,1,0,300,0.5,1700,0.5,2
6,3,740,2,10,5,0,500,0.6,1000,0.2,1400,0.2,0
6,4,754,0,0,300,0.5,1700,0.5,0
6,5,641,2,10,5,0,500,0.6,1000,0.2,1400,0.2,0
6,6,810,1,0,500,0.6,1000,0.2,1400,0.2,2
