0,0,707,1,0,500,0.6,1000,0.2,1400,0.2,0
0,1,976,0,0,500,0.6,1000,0.2,1400,0.2,0
0,2,705,0,0,500,0.6,1000,0.2,1400,0.2,0
0,3,885,1,0,500,0.6,1000,0.2,1400,0.2,2
0,4,245,2,10,5,0,300,0.5,1700,0.5,0
0,5,588,2,10,5,0,300,0.5,1700,0.5,2
0,6,319,1,0,300,0.5,1700,0.5,0
0,7,409,1,0,500,0.6,1000,0.2,1400,0.2,1
1,0,121,2,10,5,0,500,0.6,1000,0.2,1400,0.2,0
1,1,828,2,10,5,0,300,0.5,1700,0.5,2
1,2,734,2,10,5,0,300,0.5,1700,0.5,1
1,3,616,1,0,300,0.5,1700,0.5,2
1,4,972,2,10,5,0,500,0.6,1000,0.2,1400,0.2,0
1,5,138,0,0,300,0.5,1700,0.5,2
1,6,356,2,10,5,0,300,0.5,1700,0.5,0
1,7,149,1,0,500,0.6,1000,0.2,1400,0.2,2
2,0,848,1,0,300,0.5,1700,0.5,1
2,1,993,0,0,300,0.5,1700,0.5,1
2,2,873,1,0,500,0.6,1000,0.2,1400,0.2,0
2,3,744,1,0,300,0.5,1700,0.5,0
2,4,580,2,10,5,0,300,0.5,1700,0.5,0
2,5,309,2,10,5,0,500,0.6,1000,0.2,1400,0.2,1
2,6,572,1,0,300,0.5,1700,0.5,0
2,7,370,2,10,5,0,500,0.6,1000,0.2,1400,0.2,1
3,0,527,2,10,5,0,300,0.5,1700,0.5,2
3,1,773,1,0,500,0.6,1000,0.2,1400,0.2,0
3,2,13,1,0,300,0.5,1700,0.5,0
3,3,574,0,0,300,0.5,1700,0.5,0
3,4,999,2,10,5,0,500,0.6,1000,0.2,1400,0.2,1
3,5,926,1,0,500,0.6,1000,0.2,1400,0.2,0
3,6,181,2,10,5,0,500,0.6,1000,0.2,1400,0.2,0
3,7,450,1,0,300,0.5,1700,0.5,0
4,0,861,0,0,300,0.5,1700,0.5,1
4,1,33,0,0,500,0.6,1000,0.2,1400,0.2,0
4,2,872,0,0,300,0.5,1700,0.5,1
4,3,942,2,10,5,0,300,0.5,1700,0.5,0
4,4,747,2,10,5,0,500,0.6,1000,0.2,1400,0.2,2
4,5,946,2,10,5,0,300,0.5,1700,0.5,1
4,6,401,1,0,500,0.6,1000,0.2,1400,0.2,0
4,7,434,2,10,5,0,500,0.6,1000,0.2,1400,0.2,2
5,0,441,1,0,300,0.5,1700,0.5,0
5,1,157,2,10,5,0,500,0.6,1000,0.2,1400,0.2,2
5,2,850,2,10,5,0,300,0.5,1700,0.5,2
5,3,476,1,0,500,0.6,1000,0.2,1400,0.2,1
5,4,76,2,10,5,0,500,0.6,1000,0.2,1400,0.2,1
5,5,399,2,10,5,0,500,0.6,1000,0.2,1400,0.2,1
5,6,228,1,0,500,0.6,1000,0.2,1400,0.2,2
5,7,566,0,0,300,0.5,1700,0.5,1
6,0,890,0,0,500,0.6,1000,0.2,1400,0.2,0
6,1,535,0,0,300,0.5,1700,0.5,2
6,2,198,0,0,500,0.6,1000,0.2,1400,0.2,1
6,3,50,1,0,300,0.5,1700,0.5,1
6,4,544,0,0,500,0.6,1000,0.2,1400,0.2,2
6,5,759,1,0,300,0.5,1700,0.5,2
6,6,132,0,0,500,0.6,1000,0.2,1400,0.2,0
6,7,305,2,10,5,0,500,0.6,1000,0.2,1400,0.2,0
7,0,551,2,10,5,0,300,0.5,1700,0.5,2
7,1,959,2,10,5,0,500,0.6,1000,0.2,1400,0.2,2
7,2,993,0,0,500,0.6,1000,0.2,1400,0.2,2
7,3,154,1,0,500,0.6,1000,0.2,1400,0.2,1
7,4,870,2,10,5,0,300,0.5,1700,0.5,0
7,5,638,1,0,300,0.5,1700,0.5,1
7,6,526,1,0,300,0.5,1700,0.5,1
7,7,823,0,0,300,0.5,1700,0.5,1
