0,0,474,2,10,5,0,500,0.6,1000,0.2,1400,0.2,2
0,1,199,0,0,500,0.6,1000,0.2,1400,0.2,0
0,2,826,0,0,500,0.6,1000,0.2,1400,0.2,1
0,3,446,2,10,5,0,500,0.6,1000,0.2,1400,0.2,0
0,4,223,1,0,300,0.5,1700,0.5,0
0,5,306,1,0,500,0.6,1000,0.2,1400,0.2,1
0,6,264,1,0,300,0.5,1700,0.5,0
0,7,373,0,0,500,0.6,1000,0.2,1400,0.2,1
1,0,861,0,0,300,0.5,1700,0.5,1
1,1,442,1,0,500,0.6,1000,0.2,1400,0.2,1
1,2,170,2,10,5,0,300,0.5,1700,0.5,1
1,3,430,1,0,500,0.6,1000,0.2,1400,0.2,0
1,4,35,2,10,5,0,300,0.5,1700,0.5,2
1,5,651,2,10,5,0,300,0.5,1700,0.5,0
1,6,570,0,0,300,0.5,1700,0.5,1
1,7,939,0,0,500,0.6,1000,0.2,1400,0.2,2
2,0,342,2,10,5,0,500,0.6,1000,0.2,1400,0.2,0
2,1,445,1,0,500,0.6,1000,0.2,1400,0.2,1
2,2,70,1,0,500,0.6,1000,0.2,1400,0.2,0
2,3,728,1,0,300,0.5,1700,0.5,1
2,4,732,0,0,300,0.5,1700,0.5,1
2,5,101,2,10,5,0,300,0.5,1700,0.5,1
2,6,388,1,0,300,0.5,1700,0.5,0
2,7,213,2,10,5,0,500,0.6,1000,0.2,1400,0.2,1
3,0,125,2,10,5,0,500,0.6,1000,0.2,1400,0.2,1
3,1,788,1,0,500,0.6,1000,0.2,1400,0.2,2
3,2,290,0,0,300,0.5,1700,0.5,2
3,3,726,2,10,5,0,500,0.6,1000,0.2,1400,0.2,2
3,4,222,0,0,300,0.5,1700,0.5,2
3,5,894,1,0,300,0.5,1700,0.5,1
3,6,862,0,0,500,0.6,1000,0.2,1400,0.2,2
3,7,711,1,0,500,0.6,1000,0.2,1400,0.2,2
4,0,852,2,10,5,0,300,0.5,1700,0.5,1
4,1,20,2,10,5,0,300,0.5,1700,0.5,0
4,2,707,2,10,5,0,500,0.6,1000,0.2,1400,0.2,1
4,3,195,1,0,500,0.6,1000,0.2,1400,0.2,2
4,4,214,2,10,5,0,300,0.5,1700,0.5,0
4,5,436,0,0,500,0.6,1000,0.2,1400,0.2,2
4,6,811,0,0,300,0.5,1700,0.5,2
4,7,751,2,10,5,0,300,0.5,1700,0.5,0
5,0,160,0,0,300,0.5,1700,0.5,2
5,1,297,2,10,5,0,500,0.6,1000,0.2,1400,0.2,0
5,2,199,1,0,300,0.5,1700,0.5,0
5,3,958,0,0,300,0.5,1700,0.5,0
5,4,513,0,0,300,0.5,1700,0.5,1
5,5,362,1,0,300,0.5,1700,0.5,0
5,6,358,1,0,300,0.5,1700,0.5,0
5,7,860,0,0,500,0.6,1000,0.2,1400,0.2,1
6,0,977,2,10,5,0,500,0.6,1000,0.2,1400,0.2,0
6,1,314,2,10,5,0,300,0.5,1700,0.5,2
6,2,452,2,10,5,0,500,0.6,1000,0.2,1400,0.2,1
6,3,52,2,10,5,0,500,0.6,1000,0.2,1400,0.2,2
6,4,87,2,10,5,0,300,0.5,1700,0.5,1
6,5,30,1,0,300,0.5,1700,0.5,0
6,6,183,2,10,5,0,300,0.5,1700,0.5,1
6,7,60,2,10,5,0,300,0.5,1700,0.5,2
7,0,212,0,0,300,0.5,1700,0.5,1
7,1,378,0,0,300,0.5,1700,0.5,1
7,2,282,1,0,300,0.5,1700,0.5,1
7,3,356,1,0,500,0.6,1000,0.2,1400,0.2,1
7,4,733,2,10,5,0,500,0.6,1000,0.2,1400,0.2,2
7,5,638,1,0,500,0.6,1000,0.2,1400,0.2,2
7,6,155,2,10,5,0,300,0.5,1700,0.5,1
7,7,96,2,10,5,0,300,0.5,1700,0.5,0
