0,0,893,0,0,300,0.5,1700,0.5,0
0,1,784,2,10,5,0,500,0.6,1000,0.2,1400,0.2,0
0,2,622,2,10,5,0,500,0.6,1000,0.2,1400,0.2,0
0,3,348,2,10,5,0,300,0.5,1700,0.5,2
0,4,262,0,0,500,0.6,1000,0.2,1400,0.2,0
0,5,390,1,0,300,0.5,1700,0.5,1
0,6,956,2,10,5,0,300,0.5,1700,0.5,2
0,7,604,0,0,300,0.5,1700,0.5,0
1,0,178,0,0,300,0.5,1700,0.5,2
1,1,538,2,10,5,0,500,0.6,1000,0.2,1400,0.2,2
1,2,735,0,0,500,0.6,1000,0.2,1400,0.2,0
1,3,248,2,10,5,0,500,0.6,1000,0.2,1400,0.2,0
1,4,609,0,0,500,0.6,1000,0.2,1400,0.2,0
1,5,414,2,10,5,0,300,0.5,1700,0.5,1
1,6,529,2,10,5,0,300,0.5,1700,0.5,2
1,7,864,1,0,300,0.5,1700,0.5,2
2,0,655,0,0,300,0.5,1700,0.5,0
2,1,890,2,10,5,0,500,0.6,1000,0.2,1400,0.2,0
2,2,874,1,0,500,0.6,1000,0.2,1400,0.2,1
2,3,503,0,0,500,0.6,1000,0.2,1400,0.2,0
2,4,18,2,10,5,0,300,0.5,1700,0.5,1
2,5,690,2,10,5,0,300,0.5,1700,0.5,2
2,6,554,2,10,5,0,500,0.6,1000,0.2,1400,0.2,2
2,7,410,2,10,5,0,300,0.5,1700,0.5,2
3,0,516,1,0,300,0.5,1700,0.5,0
3,1,18,1,0,500,0.6,1000,0.2,1400,0.2,0
3,2,251,2,10,5,0,300,0.5,1700,0.5,2
3,3,15,0,0,300,0.5,1700,0.5,1
3,4,758,1,0,300,0.5,1700,0.5,1
3,5,958,0,0,500,0.6,1000,0.2,1400,0.2,2
3,6,498,2,10,5,0,300,0.5,1700,0.5,2
3,7,117,0,0,300,0.5,1700,0.5,2
4,0,141,2,10,5,0,500,0.6,1000,0.2,1400,0.2,0
4,1,968,1,0,300,0.5,1700,0.5,0
4,2,149,0,0,500,0.6,1000,0.2,1400,0.2,1
4,3,110,0,0,300,0.5,1700,0.5,1
4,4,378,1,0,500,0.6,1000,0.2,1400,0.2,0
4,5,986,0,0,300,0.5,1700,0.5,1
4,6,214,0,0,300,0.5,1700,0.5,1
4,7,340,1,0,300,0.5,1700,0.5,0
5,0,913,2,10,5,0,300,0.5,1700,0.5,0
5,1,530,0,0,500,0.6,1000,0.2,1400,0.2,2
5,2,981,2,10,5,0,300,0.5,1700,0.5,2
5,3,589,2,10,5,0,300,0.5,1700,0.5,2
5,4,655,1,0,300,0.5,1700,0.5,0
5,5,856,2,10,5,0,500,0.6,1000,0.2,1400,0.2,2
5,6,477,0,0,500,0.6,1000,0.2,1400,0.2,2
5,7,546,2,10,5,0,300,0.5,1700,0.5,0
6,0,829,2,10,5,0,300,0.5,1700,0.5,2
6,1,653,0,0,300,0.5,1700,0.5,1
6,2,802,1,0,300,0.5,1700,0.5,1
6,3,459,0,0,500,0.6,1000,0.2,1400,0.2,1
6,4,463,2,10,5,0,500,0.6,1000,0.2,1400,0.2,1
6,5,294,2,10,5,0,300,0.5,1700,0.5,1
6,6,961,2,10,5,0,300,0.5,1700,0.5,2
6,7,111,2,10,5,0,300,0.5,1700,0.5,2
7,0,801,2,10,5,0,500,0.6,1000,0.2,1400,0.2,1
7,1,914,1,0,500,0.6,1000,0.2,1400,0.2,0
7,2,944,0,0,300,0.5,1700,0.5,2
7,3,180,2,10,5,0,500,0.6,1000,0.2,1400,0.2,1
7,4,438,2,10,5,0,500,0.6,1000,0.2,1400,0.2,1
7,5,120,1,0,500,0.6,1000,0.2,1400,0.2,1
7,6,444,2,10,5,0,500,0.6,1000,0.2,1400,0.2,2
7,7,119,2,10,5,0,300,0.5,1700,0.5,0
