0,0,414,2,10,5,0,300,0.5,1700,0.5,2
0,1,904,2,10,5,0,500,0.6,1000,0.2,1400,0.2,2
0,2,444,2,10,5,0,500,0.6,1000,0.2,1400,0.2,0
0,3,353,2,10,5,0,500,0.6,1000,0.2,1400,0.2,2
0,4,64,1,0,300,0.5,1700,0.5,2
0,5,362,1,0,300,0.5,1700,0.5,0
0,6,509,1,0,300,0.5,1700,0.5,0
0,7,73,0,0,300,0.5,1700,0.5,2
1,0,347,2,10,5,0,300,0.5,1700,0.5,2
1,1,426,1,0,500,0.6,1000,0.2,1400,0.2,1
1,2,543,0,0,500,0.6,1000,0.2,1400,0.2,0
1,3,288,2,10,5,0,300,0.5,1700,0.5,2
1,4,82,0,0,500,0.6,1000,0.2,1400,0.2,1
1,5,328,2,10,5,0,500,0.6,1000,0.2,1400,0.2,1
1,6,684,0,0,300,0.5,1700,0.5,0
1,7,570,1,0,500,0.6,1000,0.2,1400,0.2,0
2,0,437,2,10,5,0,500,0.6,1000,0.2,1400,0.2,1
2,1,535,2,10,5,0,300,0.5,1700,0.5,2
2,2,137,1,0,300,0.5,1700,0.5,2
2,3,34,1,0,500,0.6,1000,0.2,1400,0.2,2
2,4,842,1,0,500,0.6,1000,0.2,1400,0.2,1
2,5,466,2,10,5,0,300,0.5,1700,0.5,0
2,6,63,0,0,500,0.6,1000,0.2,1400,0.2,2
2,7,828,1,0,300,0.5,1700,0.5,1
3,0,273,1,0,500,0.6,1000,0.2,1400,0.2,0
3,1,70,2,10,5,0,300,0.5,1700,0.5,1
3,2,948,1,0,300,0.5,1700,0.5,1
3,3,681,1,0,500,0.6,1000,0.2,1400,0.2,2
3,4,406,0,0,300,0.5,1700,0.5,2
3,5,897,0,0,500,0.6,1000,0.2,1400,0.2,2
3,6,622,2,10,5,0,300,0.5,1700,0.5,0
3,7,813,1,0,500,0.6,1000,0.2,1400,0.2,0
4,0,922,2,10,5,0,500,0.6,1000,0.2,1400,0.2,1
4,1,644,1,0,300,0.5,1700,0.5,1
4,2,764,1,0,300,0.5,1700,0.5,1
4,3,154,0,0,500,0.6,1000,0.2,1400,0.2,2
4,4,257,1,0,500,0.6,1000,0.2,1400,0.2,0
4,5,985,0,0,300,0.5,1700,0.5,2
4,6,24,1,0,500,0.6,1000,0.2,1400,0.2,1
4,7,114,1,0,300,0.5,1700,0.5,0
5,0,198,0,0,500,0.6,1000,0.2,1400,0.2,0
5,1,351,0,0,500,0.6,1000,0.2,1400,0.2,1
5,2,505,0,0,500,0.6,1000,0.2,1400,0.2,1
5,3,673,2,10,5,0,300,0.5,1700,0.5,2
5,4,511,2,10,5,0,500,0.6,1000,0.2,1400,0.2,0
5,5,384,1,0,300,0.5,1700,0.5,0
5,6,13,0,0,300,0.5,1700,0.5,0
5,7,757,1,0,300,0.5,1700,0.5,0
6,0,738,0,0,500,0.6,1000,0.2,1400,0.2,2
6,1,361,1,0,500,0.6,1000,0.2,1400,0.2,0
6,2,549,2,10,5,0,300,0.5,1700,0.5,2
6,3,509,2,10,5,0,300,0.5,1700,0.5,1
6,4,357,2,10,5,0,500,0.6,1000,0.2,1400,0.2,0
6,5,17,0,0,300,0.5,1700,0.5,1
6,6,815,2,10,5,0,300,0.5,1700,0.5,1
6,7,320,1,0,300,0.5,1700,0.5,0
7,0,448,0,0,500,0.6,1000,0.2,1400,0.2,0
7,1,183,2,10,5,0,300,0.5,1700,0.5,2
7,2,434,2,10,5,0,300,0.5,1700,0.5,1
7,3,880,1,0,300,0.5,1700,0.5,1
7,4,659,0,0,300,0.5,1700,0.5,1
7,5,60,0,0,500,0.6,1000,0.2,1400,0.2,2
7,6,780,0,0,500,0.6,1000,0.2,1400,0.2,1
7,7,465,1,0,300,0.5,1700,0.5,2
