0,0,473,2,10,5,0,500,0.6,1000,0.2,1400,0.2,2
0,1,172,2,10,5,0,300,0.5,1700,0.5,1
0,2,335,2,10,5,0,300,0.5,1700,0.5,1
0,3,197,1,0,500,0.6,1000,0.2,1400,0.2,1
0,4,95,1,0,300,0.5,1700,0.5,2
0,5,101,0,0,500,0.6,1000,0.2,1400,0.2,2
0,6,159,0,0,300,0.5,1700,0.5,2
0,7,206,1,0,500,0.6,1000,0.2,1400,0.2,0
1,0,1000,1,0,300,0.5,1700,0.5,2
1,1,658,2,10,5,0,300,0.5,1700,0.5,0
1,2,809,1,0,300,0.5,1700,0.5,0
1,3,444,1,0,300,0.5,1700,0.5,1
1,4,905,2,10,5,0,300,0.5,1700,0.5,0
1,5,96,0,0,300,0.5,1700,0.5,1
1,6,211,0,0,300,0.5,1700,0.5,1
1,7,98,0,0,300,0.5,1700,0.5,1
2,0,28,2,10,5,0,500,0.6,1000,0.2,1400,0.2,0
2,1,914,1,0,300,0.5,1700,0.5,2
2,2,454,1,0,500,0.6,1000,0.2,1400,0.2,2
2,3,102,0,0,500,0.6,1000,0.2,1400,0.2,1
2,4,84,2,10,5,0,300,0.5,1700,0.5,1
2,5,312,1,0,300,0.5,1700,0.5,1
2,6,153,1,0,300,0.5,1700,0.5,0
2,7,720,0,0,500,0.6,1000,0.2,1400,0.2,0
3,0,964,0,0,300,0.5,1700,0.5,0
3,1,819,0,0,500,0.6,1000,0.2,1400,0.2,2
3,2,231,1,0,300,0.5,1700,0.5,2
3,3,976,2,10,5,0,300,0.5,1700,0.5,2
3,4,566,1,0,300,0.5,1700,0.5,1
3,5,99,1,0,300,0.5,1700,0.5,2
3,6,747,2,10,5,0,300,0.5,1700,0.5,0
3,7,60,2,10,5,0,300,0.5,1700,0.5,0
4,0,993,1,0,500,0.6,1000,0.2,1400,0.2,2
4,1,986,0,0,300,0.5,1700,0.5,1
4,2,681,0,0,300,0.5,1700,0.5,0
4,3,411,0,0,300,0.5,1700,0.5,2
4,4,245,1,0,300,0.5,1700,0.5,0
4,5,496,2,10,5,0,300,0.5,1700,0.5,2
4,6,343,2,10,5,0,500,0.6,1000,0.2,1400,0.2,0
4,7,967,0,0,300,0.5,1700,0.5,2
5,0,742,2,10,5,0,300,0.5,1700,0.5,2
5,1,250,0,0,300,0.5,1700,0.5,1
5,2,75,0,0,500,0.6,1000,0.2,1400,0.2,2
5,3,450,0,0,300,0.5,1700,0.5,0
5,4,27,2,10,5,0,300,0.5,1700,0.5,2
5,5,491,2,10,5,0,500,0.6,1000,0.2,1400,0.2,2
5,6,365,0,0,500,0.6,1000,0.2,1400,0.2,1
5,7,922,0,0,300,0.5,1700,0.5,1
6,0,666,0,0,500,0.6,1000,0.2,1400,0.2,2
6,1,827,1,0,500,0.6,1000,0.2,1400,0.2,1
6,2,693,0,0,300,0.5,1700,0.5,0
6,3,223,0,0,500,0.6,1000,0.2,1400,0.2,0
6,4,108,2,10,5,0,300,0.5,1700,0.5,2
6,5,840,1,0,300,0.5,1700,0.5,2
6,6,10,0,0,500,0.6,1000,0.2,1400,0.2,2
6,7,971,0,0,300,0.5,1700,0.5,2
7,0,730,2,10,5,0,300,0.5,1700,0.5,1
7,1,97,1,0,300,0.5,1700,0.5,2
7,2,423,2,10,5,0,500,0.6,1000,0.2,1400,0.2,1
7,3,610,1,0,500,0.6,1000,0.2,1400,0.2,1
7,4,353,0,0,300,0.5,1700,0.5,1
7,5,774,0,0,500,0.6,1000,0.2,1400,0.2,2
7,6,584,0,0,300,0.5,1700,0.5,0
7,7,178,2,10,5,0,300,0.5,1700,0.5,0
