0,0,662,0,0,500,0.6,1000,0.2,1400,0.2,1
0,1,107,0,0,300,0.5,1700,0.5,1
0,2,778,0,0,500,0.6,1000,0.2,1400,0.2,2
0,3,407,2,10,5,0,300,0.5,1700,0.5,0
0,4,170,0,0,500,0.6,1000,0.2,1400,0.2,0
0,5,778,2,10,5,0,300,0.5,1700,0.5,1
0,6,731,0,0,500,0.6,1000,0.2,1400,0.2,0
0,7,280,0,0,500,0.6,1000,0.2,1400,0.2,1
1,0,243,1,0,500,0.6,1000,0.2,1400,0.2,1
1,1,512,2,10,5,0,500,0.6,1000,0.2,1400,0.2,2
1,2,801,0,0,500,0.6,1000,0.2,1400,0.2,2
1,3,347,2,10,5,0,500,0.6,1000,0.2,1400,0.2,2
1,4,10,1,0,300,0.5,1700,0.5,1
1,5,209,2,10,5,0,500,0.6,1000,0.2,1400,0.2,2
1,6,615,0,0,500,0.6,1000,0.2,1400,0.2,1
1,7,443,1,0,300,0.5,1700,0.5,2
2,0,13,0,0,500,0.6,1000,0.2,1400,0.2,1
2,1,309,1,0,500,0.6,1000,0.2,1400,0.2,1
2,2,405,2,10,5,0,300,0.5,1700,0.5,1
2,3,183,2,10,5,0,500,0.6,1000,0.2,1400,0.2,0
2,4,47,2,10,5,0,500,0.6,1000,0.2,1400,0.2,0
2,5,49,2,10,5,0,300,0.5,1700,0.5,2
2,6,626,1,0,300,0.5,1700,0.5,1
2,7,593,0,0,300,0.5,1700,0.5,1
3,0,371,2,10,5,0,500,0.6,1000,0.2,1400,0.2,2
3,1,868,0,0,300,0.5,1700,0.5,2
3,2,437,2,10,5,0,300,0.5,1700,0.5,2
3,3,664,0,0,300,0.5,1700,0.5,2
3,4,635,2,10,5,0,300,0.5,1700,0.5,2
3,5,269,2,10,5,0,500,0.6,1000,0.2,1400,0.2,0
3,6,929,1,0,300,0.5,1700,0.5,1
3,7,216,0,0,500,0.6,1000,0.2,1400,0.2,2
4,0,456,0,0,500,0.6,1000,0.2,1400,0.2,0
4,1,251,0,0,500,0.6,1000,0.2,1400,0.2,0
4,2,200,2,10,5,0,500,0.6,1000,0.2,1400,0.2,2
4,3,840,1,0,500,0.6,1000,0.2,1400,0.2,0
4,4,132,2,10,5,0,300,0.5,1700,0.5,0
4,5,283,1,0,500,0.6,1000,0.2,1400,0.2,1
4,6,167,0,0,500,0.6,1000,0.2,1400,0.2,0
4,7,541,1,0,300,0.5,1700,0.5,1
5,0,378,1,0,500,0.6,1000,0.2,1400,0.2,0
5,1,809,2,10,5,0,300,0.5,1700,0.5,1
5,2,593,1,0,300,0.5,1700,0.5,0
5,3,681,2,10,5,0,300,0.5,1700,0.5,2
5,4,693,0,0,500,0.6,1000,0.2,1400,0.2,2
5,5,289,1,0,300,0.5,1700,0.5,0
5,6,165,0,0,300,0.5,1700,0.5,0
5,7,308,2,10,5,0,500,0.6,1000,0.2,1400,0.2,0
6,0,285,1,0,300,0.5,1700,0.5,1
6,1,437,1,0,500,0.6,1000,0.2,1400,0.2,1
6,2,657,1,0,500,0.6,1000,0.2,1400,0.2,1
6,3,187,1,0,500,0.6,1000,0.2,1400,0.2,2
6,4,488,1,0,300,0.5,1700,0.5,2
6,5,344,1,0,300,0.5,1700,0.5,1
6,6,946,2,10,5,0,500,0.6,1000,0.2,1400,0.2,0
6,7,88,0,0,300,0.5,1700,0.5,1
7,0,825,2,10,5,0,300,0.5,1700,0.5,2
7,1,62,1,0,300,0.5,1700,0.5,1
7,2,587,2,10,5,0,300,0.5,1700,0.5,2
7,3,833,2,10,5,0,500,0.6,1000,0.2,1400,0.2,1
7,4,818,1,0,300,0.5,1700,0.5,0
7,5,712,2,10,5,0,300,0.5,1700,0.5,1
7,6,85,1,0,500,0.6,1000,0.2,1400,0.2,2
7,7,603,2,10,5,0,500,0.6,1000,0.2,1400,0.2,2
