0,0,463,1,0,300,0.5,1700,0.5,0
0,1,900,2,10,5,0,500,0.6,1000,0.2,1400,0.2,1
0,2,996,0,0,300,0.5,1700,0.5,0
0,3,343,0,0,500,0.6,1000,0.2,1400,0.2,2
0,4,324,1,0,300,0.5,1700,0.5,1
0,5,24,1,0,300,0.5,1700,0.5,1
0,6,970,2,10,5,0,500,0.6,1000,0.2,1400,0.2,2
0,7,37,1,0,300,0.5,1700,0.5,2
1,0,33,1,0,500,0.6,1000,0.2,1400,0.2,0
1,1,641,0,0,300,0.5,1700,0.5,0
1,2,278,1,0,300,0.5,1700,0.5,1
1,3,146,0,0,500,0.6,1000,0.2,1400,0.2,0
1,4,514,1,0,500,0.6,1000,0.2,1400,0.2,0
1,5,972,2,10,5,0,500,0.6,1000,0.2,1400,0.2,0
1,6,26,2,10,5,0,500,0.6,1000,0.2,1400,0.2,0
1,7,433,2,10,5,0,500,0.6,1000,0.2,1400,0.2,0
2,0,474,1,0,300,0.5,1700,0.5,2
2,1,417,2,10,5,0,500,0.6,1000,0.2,1400,0.2,2
2,2,769,1,0,500,0.6,1000,0.2,1400,0.2,1
2,3,138,2,10,5,0,500,0.6,1000,0.2,1400,0.2,1
2,4,112,0,0,300,0.5,1700,0.5,2
2,5,347,2,10,5,0,500,0.6,1000,0.2,1400,0.2,0
2,6,828,0,0,500,0.6,1000,0.2,1400,0.2,1
2,7,111,1,0,500,0.6,1000,0.2,1400,0.2,1
3,0,919,0,0,500,0.6,1000,0.2,1400,0.2,0
3,1,507,2,10,5,0,500,0.6,1000,0.2,1400,0.2,2
3,2,915,1,0,300,0.5,1700,0.5,0
3,3,224,1,0,300,0.5,1700,0.5,1
3,4,932,2,10,5,0,500,0.6,1000,0.2,1400,0.2,2
3,5,843,0,0,500,0.6,1000,0.2,1400,0.2,1
3,6,71,0,0,300,0.5,1700,0.5,2
3,7,28,0,0,500,0.6,1000,0.2,1400,0.2,2
4,0,218,0,0,300,0.5,1700,0.5,2
4,1,556,1,0,500,0.6,1000,0.2,1400,0.2,1
4,2,60,0,0,300,0.5,1700,0.5,1
4,3,921,1,0,500,0.6,1000,0.2,1400,0.2,0
4,4,747,0,0,300,0.5,1700,0.5,2
4,5,241,2,10,5,0,500,0.6,1000,0.2,1400,0.2,2
4,6,177,0,0,500,0.6,1000,0.2,1400,0.2,1
4,7,27,2,10,5,0,300,0.5,1700,0.5,1
5,0,472,1,0,300,0.5,1700,0.5,2
5,1,505,2,10,5,0,300,0.5,1700,0.5,1
5,2,431,2,10,5,0,500,0.6,1000,0.2,1400,0.2,0
5,3,663,2,10,5,0,500,0.6,1000,0.2,1400,0.2,2
5,4,739,0,0,500,0.6,1000,0.2,1400,0.2,0
5,5,354,0,0,500,0.6,1000,0.2,1400,0.2,1
5,6,905,2,10,5,0,300,0.5,1700,0.5,2
5,7,808,2,10,5,0,500,0.6,1000,0.2,1400,0.2,1
6,0,919,1,0,300,0.5,1700,0.5,2
6,1,271,1,0,500,0.6,1000,0.2,1400,0.2,2
6,2,400,0,0,300,0.5,1700,0.5,1
6,3,293,1,0,500,0.6,1000,0.2,1400,0.2,2
6,4,562,1,0,500,0.6,1000,0.2,1400,0.2,1
6,5,408,2,10,5,0,500,0.6,1000,0.2,1400,0.2,1
6,6,278,0,0,300,0.5,1700,0.5,0
6,7,954,0,0,500,0.6,1000,0.2,1400,0.2,2
7,0,362,2,10,5,0,300,0.5,1700,0.5,0
7,1,868,2,10,5,0,500,0.6,1000,0.2,1400,0.2,0
7,2,756,1,0,300,0.5,1700,0.5,2
7,3,589,2,10,5,0,500,0.6,1000,0.2,1400,0.2,2
7,4,251,2,10,5,0,300,0.5,1700,0.5,0
7,5,793,0,0,500,0.6,1000,0.2,1400,0.2,0
7,6,972,0,0,500,0.6,1000,0.2,1400,0.2,2
7,7,710,2,10,5,0,500,0.6,1000,0.2,1400,0.2,2
