0,0,985,2,10,5,0,500,0.6,1000,0.2,1400,0.2,1
0,1,288,0,0,300,0.5,1700,0.5,2
0,2,476,1,0,500,0.6,1000,0.2,1400,0.2,0
0,3,841,1,0,300,0.5,1700,0.5,0
0,4,461,2,10,5,0,300,0.5,1700,0.5,1
0,5,332,1,0,300,0.5,1700,0.5,1
0,6,913,0,0,300,0.5,1700,0.5,2
0,7,558,1,0,300,0.5,1700,0.5,1
1,0,641,1,0,500,0.6,1000,0.2,1400,0.2,0
1,1,40,2,10,5,0,500,0.6,1000,0.2,1400,0.2,2
1,2,902,0,0,500,0.6,1000,0.2,1400,0.2,2
1,3,560,1,0,500,0.6,1000,0.2,1400,0.2,1
1,4,313,1,0,500,0.6,1000,0.2,1400,0.2,1
1,5,480,1,0,500,0.6,1000,0.2,1400,0.2,0
1,6,919,1,0,500,0.6,1000,0.2,1400,0.2,1
1,7,975,0,0,300,0.5,1700,0.5,2
2,0,145,2,10,5,0,300,0.5,1700,0.5,1
2,1,258,0,0,300,0.5,1700,0.5,1
2,2,171,0,0,500,0.6,1000,0.2,1400,0.2,1
2,3,886,2,10,5,0,300,0.5,1700,0.5,2
2,4,944,0,0,500,0.6,1000,0.2,1400,0.2,0
2,5,968,0,0,300,0.5,1700,0.5,0
2,6,343,1,0,500,0.6,1000,0.2,1400,0.2,1
2,7,673,2,10,5,0,500,0.6,1000,0.2,1400,0.2,0
3,0,918,0,0,500,0.6,1000,0.2,1400,0.2,1
3,1,740,1,0,500,0.6,1000,0.2,1400,0.2,0
3,2,222,1,0,300,0.5,1700,0.5,2
3,3,795,1,0,300,0.5,1700,0.5,0
3,4,179,1,0,300,0.5,1700,0.5,1
3,5,958,2,10,5,0,500,0.6,1000,0.2,1400,0.2,0
3,6,439,2,10,5,0,500,0.6,1000,0.2,1400,0.2,1
3,7,456,0,0,500,0.6,1000,0.2,1400,0.2,2
4,0,677,0,0,300,0.5,1700,0.5,0
4,1,183,1,0,300,0.5,1700,0.5,1
4,2,627,0,0,300,0.5,1700,0.5,2
4,3,317,2,10,5,0,300,0.5,1700,0.5,0
4,4,642,0,0,300,0.5,1700,0.5,2
4,5,623,0,0,300,0.5,1700,0.5,0
4,6,1000,0,0,300,0.5,1700,0.5,0
4,7,551,0,0,500,0.6,1000,0.2,1400,0.2,0
5,0,280,1,0,500,0.6,1000,0.2,1400,0.2,2
5,1,959,0,0,300,0.5,1700,0.5,1
5,2,915,1,0,300,0.5,1700,0.5,1
5,3,883,1,0,500,0.6,1000,0.2,1400,0.2,1
5,4,960,2,10,5,0,300,0.5,1700,0.5,2
5,5,816,0,0,500,0.6,1000,0.2,1400,0.2,1
5,6,585,0,0,300,0.5,1700,0.5,0
5,7,239,2,10,5,0,300,0.5,1700,0.5,2
6,0,824,0,0,500,0.6,1000,0.2,1400,0.2,0
6,1,773,1,0,500,0.6,1000,0.2,1400,0.2,0
6,2,600,2,10,5,0,300,0.5,1700,0.5,0
6,3,963,0,0,500,0.6,1000,0.2,1400,0.2,1
6,4,935,0,0,300,0.5,1700,0.5,2
6,5,73,1,0,300,0.5,1700,0.5,1
6,6,655,2,10,5,0,500,0.6,1000,0.2,1400,0.2,2
6,7,589,0,0,500,0.6,1000,0.2,1400,0.2,0
7,0,820,0,0,500,0.6,1000,0.2,1400,0.2,2
7,1,563,2,10,5,0,500,0.6,1000,0.2,1400,0.2,1
7,2,309,1,0,300,0.5,1700,0.5,1
7,3,916,0,0,300,0.5,1700,0.5,0
7,4,339,2,10,5,0,300,0.5,1700,0.5,2
7,5,113,2,10,5,0,300,0.5,1700,0.5,2
7,6,21,2,10,5,0,300,0.5,1700,0.5,1
7,7,835,0,0,500,0.6,1000,0.2,1400,0.2,1
