0,0,922,0,0,300,0.5,1700,0.5,0
0,1,96,1,0,300,0.5,1700,0.5,2
0,2,355,0,0,500,0.6,1000,0.2,1400,0.2,0
0,3,236,0,0,300,0.5,1700,0.5,1
0,4,160,0,0,500,0.6,1000,0.2,1400,0.2,2
0,5,20,1,0,300,0.5,1700,0.5,1
0,6,18,2,10,5,0,300,0.5,1700,0.5,0
0,7,703,1,0,500,0.6,1000,0.2,1400,0.2,1
1,0,622,0,0,300,0.5,1700,0.5,2
1,1,119,2,10,5,0,500,0.6,1000,0.2,1400,0.2,1
1,2,488,2,10,5,0,500,0.6,1000,0.2,1400,0.2,1
1,3,906,1,0,300,0.5,1700,0.5,2
1,4,170,1,0,300,0.5,1700,0.5,0
1,5,970,0,0,300,0.5,1700,0.5,0
1,6,165,0,0,500,0.6,1000,0.2,1400,0.2,0
1,7,997,2,10,5,0,500,0.6,1000,0.2,1400,0.2,0
2,0,267,2,10,5,0,300,0.5,1700,0.5,0
2,1,315,1,0,500,0.6,1000,0.2,1400,0.2,1
2,2,769,2,10,5,0,500,0.6,1000,0.2,1400,0.2,0
2,3,558,1,0,300,0.5,1700,0.5,2
2,4,376,0,0,500,0.6,1000,0.2,1400,0.2,1
2,5,970,2,10,5,0,300,0.5,1700,0.5,1
2,6,727,2,10,5,0,500,0.6,1000,0.2,1400,0.2,0
2,7,184,2,10,5,0,500,0.6,1000,0.2,1400,0.2,0
3,0,656,2,10,5,0,500,0.6,1000,0.2,1400,0.2,1
3,1,656,1,0,500,0.6,1000,0.2,1400,0.2,0
3,2,643,1,0,300,0.5,1700,0.5,0
3,3,803,2,10,5,0,500,0.6,1000,0.2,1400,0.2,0
3,4,549,2,10,5,0,300,0.5,1700,0.5,1
3,5,299,2,10,5,0,300,0.5,1700,0.5,0
3,6,54,0,0,300,0.5,1700,0.5,0
3,7,426,1,0,300,0.5,1700,0.5,1
4,0,791,1,0,500,0.6,1000,0.2,1400,0.2,2
4,1,557,0,0,300,0.5,1700,0.5,2
4,2,886,2,10,5,0,300,0.5,1700,0.5,0
4,3,117,1,0,500,0.6,1000,0.2,1400,0.2,0
4,4,312,1,0,500,0.6,1000,0.2,1400,0.2,2
4,5,225,1,0,500,0.6,1000,0.2,1400,0.2,0
4,6,311,1,0,500,0.6,1000,0.2,1400,0.2,0
4,7,151,0,0,500,0.6,1000,0.2,1400,0.2,0
5,0,451,1,0,300,0.5,1700,0.5,2
5,1,707,0,0,500,0.6,1000,0.2,1400,0.2,0
5,2,980,0,0,300,0.5,1700,0.5,2
5,3,978,2,10,5,0,500,0.6,1000,0.2,1400,0.2,2
5,4,730,2,10,5,0,300,0.5,1700,0.5,1
5,5,229,2,10,5,0,500,0.6,1000,0.2,1400,0.2,1
5,6,964,1,0,500,0.6,1000,0.2,1400,0.2,0
5,7,149,2,10,5,0,300,0.5,1700,0.5,1
6,0,66,2,10,5,0,500,0.6,1000,0.2,1400,0.2,2
6,1,658,2,10,5,0,500,0.6,1000,0.2,1400,0.2,1
6,2,355,0,0,500,0.6,1000,0.2,1400,0.2,1
6,3,328,2,10,5,0,300,0.5,1700,0.5,2
6,4,190,1,0,500,0.6,1000,0.2,1400,0.2,0
6,5,568,2,10,5,0,300,0.5,1700,0.5,2
6,6,771,1,0,500,0.6,1000,0.2,1400,0.2,2
6,7,494,2,10,5,0,300,0.5,1700,0.5,1
7,0,607,0,0,300,0.5,1700,0.5,2
7,1,672,2,10,5,0,500,0.6,1000,0.2,1400,0.2,2
7,2,942,2,10,5,0,500,0.6,1000,0.2,1400,0.2,0
7,3,280,1,0,500,0.6,1000,0.2,1400,0.2,0
7,4,360,1,0,500,0.6,1000,0.2,1400,0.2,1
7,5,419,1,0,500,0.6,1000,0.2,1400,0.2,1
7,6,60,1,0,500,0.6,1000,0.2,1400,0.2,2
7,7,647,0,0,300,0.5,1700,0.5,1
