0,0,512,1,0,500,0.6,1000,0.2,1400,0.2,1
0,1,385,2,10,5,0,300,0.5,1700,0.5,2
0,2,709,2,10,5,0,300,0.5,1700,0.5,2
0,3,957,1,0,500,0.6,1000,0.2,1400,0.2,2
0,4,560,2,10,5,0,300,0.5,1700,0.5,1
0,5,885,2,10,5,0,500,0.6,1000,0.2,1400,0.2,0
0,6,249,2,10,5,0,500,0.6,1000,0.2,1400,0.2,2
0,7,593,0,0,300,0.5,1700,0.5,0
1,0,719,1,0,300,0.5,1700,0.5,0
1,1,951,1,0,500,0.6,1000,0.2,1400,0.2,2
1,2,91,1,0,300,0.5,1700,0.5,2
1,3,111,2,10,5,0,300,0.5,1700,0.5,1
1,4,250,0,0,500,0.6,1000,0.2,1400,0.2,1
1,5,29,2,10,5,0,300,0.5,1700,0.5,0
1,6,565,1,0,300,0.5,1700,0.5,1
1,7,714,0,0,300,0.5,1700,0.5,2
2,0,571,1,0,500,0.6,1000,0.2,1400,0.2,1
2,1,301,1,0,300,0.5,1700,0.5,2
2,2,829,0,0,300,0.5,1700,0.5,0
2,3,122,0,0,500,0.6,1000,0.2,1400,0.2,2
2,4,84,1,0,500,0.6,1000,0.2,1400,0.2,2
2,5,594,2,10,5,0,300,0.5,1700,0.5,0
2,6,970,0,0,300,0.5,1700,0.5,0
2,7,33,0,0,300,0.5,1700,0.5,0
3,0,709,2,10,5,0,300,0.5,1700,0.5,0
3,1,491,1,0,500,0.6,1000,0.2,1400,0.2,1
3,2,634,2,10,5,0,500,0.6,1000,0.2,1400,0.2,2
3,3,297,1,0,300,0.5,1700,0.5,2
3,4,106,0,0,300,0.5,1700,0.5,2
3,5,40,2,10,5,0,300,0.5,1700,0.5,1
3,6,765,0,0,500,0.6,1000,0.2,1400,0.2,2
3,7,698,0,0,300,0.5,1700,0.5,2
4,0,105,2,10,5,0,300,0.5,1700,0.5,0
4,1,598,1,0,500,0.6,1000,0.2,1400,0.2,2
4,2,449,1,0,500,0.6,1000,0.2,1400,0.2,2
4,3,537,2,10,5,0,300,0.5,1700,0.5,0
4,4,345,2,10,5,0,500,0.6,1000,0.2,1400,0.2,1
4,5,726,1,0,500,0.6,1000,0.2,1400,0.2,1
4,6,801,1,0,500,0.6,1000,0.2,1400,0.2,0
4,7,158,2,10,5,0,500,0.6,1000,0.2,1400,0.2,2
5,0,479,1,0,500,0.6,1000,0.2,1400,0.2,2
5,1,67,1,0,500,0.6,1000,0.2,1400,0.2,1
5,2,765,1,0,500,0.6,1000,0.2,1400,0.2,1
5,3,798,1,0,500,0.6,1000,0.2,1400,0.2,1
5,4,751,2,10,5,0,500,0.6,1000,0.2,1400,0.2,2
5,5,740,1,0,500,0.6,1000,0.2,1400,0.2,2
5,6,965,2,10,5,0,300,0.5,1700,0.5,1
5,7,443,1,0,300,0.5,1700,0.5,0
6,0,904,1,0,500,0.6,1000,0.2,1400,0.2,0
6,1,652,0,0,300,0.5,1700,0.5,2
6,2,276,0,0,500,0.6,1000,0.2,1400,0.2,0
6,3,551,0,0,500,0.6,1000,0.2,1400,0.2,2
6,4,530,1,0,300,0.5,1700,0.5,0
6,5,799,0,0,500,0.6,1000,0.2,1400,0.2,0
6,6,742,1,0,500,0.6,1000,0.2,1400,0.2,0
6,7,116,0,0,500,0.6,1000,0.2,1400,0.2,0
7,0,774,2,10,5,0,500,0.6,1000,0.2,1400,0.2,2
7,1,637,1,0,500,0.6,1000,0.2,1400,0.2,2
7,2,607,0,0,300,0.5,1700,0.5,1
7,3,155,0,0,300,0.5,1700,0.5,0
7,4,392,2,10,5,0,500,0.6,1000,0.2,1400,0.2,1
7,5,226,2,10,5,0,500,0.6,1000,0.2,1400,0.2,0
7,6,646,1,0,500,0.6,1000,0.2,1400,0.2,2
7,7,239,2,10,5,0,500,0.6,1000,0.2,1400,0.2,1
