0,0,965,0,0,500,0.6,1000,0.2,1400,0.2,1
0,1,256,2,10,5,0,500,0.6,1000,0.2,1400,0.2,0
0,2,810,1,0,300,0.5,1700,0.5,0
0,3,910,1,0,500,0.6,1000,0.2,1400,0.2,1
0,4,438,0,0,300,0.5,1700,0.5,0
0,5,318,1,0,300,0.5,1700,0.5,1
0,6,636,2,10,5,0,500,0.6,1000,0.2,1400,0.2,1
0,7,407,1,0,300,0.5,1700,0.5,0
1,0,549,1,0,500,0.6,1000,0.2,1400,0.2,0
1,1,605,0,0,300,0.5,1700,0.5,0
1,2,932,2,10,5,0,300,0.5,1700,0.5,0
1,3,718,2,10,5,0,300,0.5,1700,0.5,2
1,4,448,0,0,500,0.6,1000,0.2,1400,0.2,1
1,5,262,0,0,300,0.5,1700,0.5,0
1,6,158,2,10,5,0,500,0.6,1000,0.2,1400,0.2,2
1,7,790,1,0,300,0.5,1700,0.5,1
2,0,370,0,0,300,0.5,1700,0.5,1
2,1,478,0,0,500,0.6,1000,0.2,1400,0.2,1
2,2,896,0,0,300,0.5,1700,0.5,0
2,3,625,0,0,300,0.5,1700,0.5,1
2,4,62,0,0,500,0.6,1000,0.2,1400,0.2,0
2,5,91,1,0,300,0.5,1700,0.5,2
2,6,87,2,10,5,0,500,0.6,1000,0.2,1400,0.2,2
2,7,405,0,0,500,0.6,1000,0.2,1400,0.2,1
3,0,242,2,10,5,0,500,0.6,1000,0.2,1400,0.2,1
3,1,360,2,10,5,0,300,0.5,1700,0.5,0
3,2,72,1,0,300,0.5,1700,0.5,2
3,3,628,0,0,500,0.6,1000,0.2,1400,0.2,1
3,4,857,0,0,300,0.5,1700,0.5,1
3,5,934,0,0,300,0.5,1700,0.5,1
3,6,683,0,0,500,0.6,1000,0.2,1400,0.2,1
3,7,605,1,0,300,0.5,1700,0.5,0
4,0,512,2,10,5,0,500,0.6,1000,0.2,1400,0.2,2
4,1,897,2,10,5,0,300,0.5,1700,0.5,2
4,2,639,1,0,300,0.5,1700,0.5,1
4,3,645,1,0,500,0.6,1000,0.2,1400,0.2,1
4,4,14,2,10,5,0,300,0.5,1700,0.5,1
4,5,294,1,0,300,0.5,1700,0.5,2
4,6,93,2,10,5,0,500,0.6,1000,0.2,1400,0.2,0
4,7,338,0,0,300,0.5,1700,0.5,0
5,0,600,2,10,5,0,300,0.5,1700,0.5,0
5,1,153,2,10,5,0,500,0.6,1000,0.2,1400,0.2,1
5,2,942,0,0,300,0.5,1700,0.5,2
5,3,90,0,0,300,0.5,1700,0.5,1
5,4,39,1,0,300,0.5,1700,0.5,1
5,5,239,0,0,500,0.6,1000,0.2,1400,0.2,2
5,6,571,1,0,500,0.6,1000,0.2,1400,0.2,0
5,7,508,1,0,500,0.6,1000,0.2,1400,0.2,2
6,0,692,0,0,300,0.5,1700,0.5,1
6,1,478,1,0,300,0.5,1700,0.5,0
6,2,635,1,0,500,0.6,1000,0.2,1400,0.2,1
6,3,76,1,0,300,0.5,1700,0.5,1
6,4,211,2,10,5,0,500,0.6,1000,0.2,1400,0.2,0
6,5,726,1,0,300,0.5,1700,0.5,0
6,6,653,0,0,300,0.5,1700,0.5,0
6,7,920,0,0,300,0.5,1700,0.5,1
7,0,292,0,0,500,0.6,1000,0.2,1400,0.2,2
7,1,252,1,0,300,0.5,1700,0.5,2
7,2,282,0,0,500,0.6,1000,0.2,1400,0.2,0
7,3,198,0,0,300,0.5,1700,0.5,1
7,4,84,0,0,300,0.5,1700,0.5,0
7,5,901,0,0,300,0.5,1700,0.5,0
7,6,101,1,0,500,0.6,1000,0.2,1400,0.2,1
7,7,880,0,0,300,0.5,1700,0.5,1
