0,0,81,1,0,500,0.6,1000,0.2,1400,0.2,0
0,1,548,2,10,5,0,500,0.6,1000,0.2,1400,0.2,0
0,2,251,1,0,300,0.5,1700,0.5,2
0,3,995,2,10,5,0,300,0.5,1700,0.5,1
0,4,997,2,10,5,0,300,0.5,1700,0.5,2
0,5,46,1,0,500,0.6,1000,0.2,1400,0.2,1
0,6,761,0,0,500,0.6,1000,0.2,1400,0.2,0
0,7,566,1,0,300,0.5,1700,0.5,1
1,0,219,2,10,5,0,300,0.5,1700,0.5,2
1,1,485,2,10,5,0,300,0.5,1700,0.5,1
1,2,808,2,10,5,0,500,0.6,1000,0.2,1400,0.2,1
1,3,455,1,0,300,0.5,1700,0.5,1
1,4,129,2,10,5,0,500,0.6,1000,0.2,1400,0.2,2
1,5,979,0,0,500,0.6,1000,0.2,1400,0.2,2
1,6,902,2,10,5,0,500,0.6,1000,0.2,1400,0.2,1
1,7,691,1,0,500,0.6,1000,0.2,1400,0.2,2
2,0,220,1,0,500,0.6,1000,0.2,1400,0.2,1
2,1,957,1,0,300,0.5,1700,0.5,2
2,2,467,2,10,5,0,300,0.5,1700,0.5,0
2,3,790,1,0,500,0.6,1000,0.2,1400,0.2,2
2,4,81,0,0,500,0.6,1000,0.2,1400,0.2,1
2,5,893,0,0,300,0.5,1700,0.5,0
2,6,689,2,10,5,0,500,0.6,1000,0.2,1400,0.2,2
2,7,783,2,10,5,0,500,0.6,1000,0.2,1400,0.2,1
3,0,338,0,0,300,0.5,1700,0.5,2
3,1,21,0,0,300,0.5,1700,0.5,2
3,2,902,2,10,5,0,300,0.5,1700,0.5,2
3,3,925,1,0,500,0.6,1000,0.2,1400,0.2,2
3,4,569,2,10,5,0,500,0.6,1000,0.2,1400,0.2,1
3,5,994,0,0,300,0.5,1700,0.5,0
3,6,574,1,0,300,0.5,1700,0.5,2
3,7,302,0,0,300,0.5,1700,0.5,0
4,0,778,0,0,300,0.5,1700,0.5,2
4,1,779,0,0,300,0.5,1700,0.5,0
4,2,703,0,0,500,0.6,1000,0.2,1400,0.2,1
4,3,729,1,0,300,0.5,1700,0.5,0
4,4,90,2,10,5,0,300,0.5,1700,0.5,0
4,5,113,2,10,5,0,500,0.6,1000,0.2,1400,0.2,2
4,6,991,2,10,5,0,300,0.5,1700,0.5,1
4,7,860,1,0,300,0.5,1700,0.5,2
5,0,144,2,10,5,0,500,0.6,1000,0.2,1400,0.2,0
5,1,729,0,0,300,0.5,1700,0.5,1
5,2,632,1,0,300,0.5,1700,0.5,1
5,3,258,0,0,500,0.6,1000,0.2,1400,0.2,2
5,4,912,2,10,5,0,300,0.5,1700,0.5,2
5,5,517,2,10,5,0,500,0.6,1000,0.2,1400,0.2,2
5,6,453,2,10,5,0,300,0.5,1700,0.5,1
5,7,874,2,10,5,0,300,0.5,1700,0.5,2
6,0,805,0,0,300,0.5,1700,0.5,1
6,1,785,0,0,300,0.5,1700,0.5,1
6,2,146,2,10,5,0,300,0.5,1700,0.5,0
6,3,289,2,10,5,0,500,0.6,1000,0.2,1400,0.2,2
6,4,862,1,0,500,0.6,1000,0.2,1400,0.2,0
6,5,156,1,0,300,0.5,1700,0.5,2
6,6,143,1,0,300,0.5,1700,0.5,1
6,7,83,1,0,300,0.5,1700,0.5,2
7,0,203,2,10,5,0,500,0.6,1000,0.2,1400,0.2,2
7,1,791,0,0,500,0.6,1000,0.2,1400,0.2,2
7,2,296,1,0,500,0.6,1000,0.2,1400,0.2,2
7,3,119,2,10,5,0,500,0.6,1000,0.2,1400,0.2,0
7,4,66,1,0,500,0.6,1000,0.2,1400,0.2,2
7,5,209,1,0,500,0.6,1000,0.2,1400,0.2,2
7,6,729,0,0,500,0.6,1000,0.2,1400,0.2,0
7,7,768,0,0,300,0.5,1700,0.5,2
