0,0,492,2,10,5,0,500,0.6,1000,0.2,1400,0.2,1
0,1,789,1,0,300,0.5,1700,0.5,2
0,2,297,2,10,5,0,500,0.6,1000,0.2,1400,0.2,0
0,3,439,0,0,500,0.6,1000,0.2,1400,0.2,1
0,4,735,1,0,500,0.6,1000,0.2,1400,0.2,2
0,5,710,0,0,500,0.6,1000,0.2,1400,0.2,2
0,6,766,1,0,500,0.6,1000,0.2,1400,0.2,2
0,7,509,2,10,5,0,500,0.6,1000,0.2,1400,0.2,0
1,0,687,0,0,500,0.6,1000,0.2,1400,0.2,0
1,1,942,1,0,300,0.5,1700,0.5,1
1,2,415,0,0,500,0.6,1000,0.2,1400,0.2,1
1,3,831,2,10,5,0,500,0.6,1000,0.2,1400,0.2,1
1,4,327,1,0,500,0.6,1000,0.2,1400,0.2,1
1,5,700,0,0,500,0.6,1000,0.2,1400,0.2,1
1,6,906,2,10,5,0,500,0.6,1000,0.2,1400,0.2,0
1,7,164,0,0,300,0.5,1700,0.5,1
2,0,223,2,10,5,0,500,0.6,1000,0.2,1400,0.2,0
2,1,96,0,0,300,0.5,1700,0.5,2
2,2,251,2,10,5,0,300,0.5,1700,0.5,0
2,3,557,2,10,5,0,500,0.6,1000,0.2,1400,0.2,0
2,4,798,0,0,500,0.6,1000,0.2,1400,0.2,2
2,5,148,1,0,300,0.5,1700,0.5,0
2,6,731,1,0,300,0.5,1700,0.5,1
2,7,447,1,0,300,0.5,1700,0.5,1
3,0,557,1,0,500,0.6,1000,0.2,1400,0.2,2
3,1,966,2,10,5,0,500,0.6,1000,0.2,1400,0.2,2
3,2,991,2,10,5,0,500,0.6,1000,0.2,1400,0.2,2
3,3,809,1,0,500,0.6,1000,0.2,1400,0.2,2
3,4,392,2,10,5,0,500,0.6,1000,0.2,1400,0.2,2
3,5,973,0,0,500,0.6,1000,0.2,1400,0.2,2
3,6,728,2,10,5,0,300,0.5,1700,0.5,1
3,7,811,1,0,500,0.6,1000,0.2,1400,0.2,1
4,0,386,0,0,300,0.5,1700,0.5,0
4,1,283,2,10,5,0,300,0.5,1700,0.5,2
4,2,51,1,0,300,0.5,1700,0.5,2
4,3,970,1,0,300,0.5,1700,0.5,1
4,4,144,2,10,5,0,500,0.6,1000,0.2,1400,0.2,2
4,5,772,2,10,5,0,300,0.5,1700,0.5,1
4,6,465,2,10,5,0,500,0.6,1000,0.2,1400,0.2,2
4,7,843,1,0,300,0.5,1700,0.5,0
5,0,703,2,10,5,0,500,0.6,1000,0.2,1400,0.2,0
5,1,183,1,0,500,0.6,1000,0.2,1400,0.2,0
5,2,453,2,10,5,0,500,0.6,1000,0.2,1400,0.2,0
5,3,872,1,0,300,0.5,1700,0.5,2
5,4,816,1,0,300,0.5,1700,0.5,2
5,5,47,1,0,500,0.6,1000,0.2,1400,0.2,2
5,6,583,2,10,5,0,300,0.5,1700,0.5,2
5,7,684,0,0,500,0.6,1000,0.2,1400,0.2,0
6,0,283,2,10,5,0,300,0.5,1700,0.5,2
6,1,518,2,10,5,0,300,0.5,1700,0.5,1
6,2,247,2,10,5,0,500,0.6,1000,0.2,1400,0.2,1
6,3,616,2,10,5,0,500,0.6,1000,0.2,1400,0.2,2
6,4,546,2,10,5,0,500,0.6,1000,0.2,1400,0.2,2
6,5,209,2,10,5,0,300,0.5,1700,0.5,2
6,6,439,1,0,500,0.6,1000,0.2,1400,0.2,1
6,7,566,0,0,500,0.6,1000,0.2,1400,0.2,0
7,0,624,1,0,500,0.6,1000,0.2,1400,0.2,2
7,1,373,0,0,500,0.6,1000,0.2,1400,0.2,0
7,2,353,0,0,500,0.6,1000,0.2,1400,0.2,1
7,3,678,1,0,300,0.5,1700,0.5,0
7,4,382,0,0,300,0.5,1700,0.5,1
7,5,647,2,10,5,0,300,0.5,1700,0.5,1
7,6,704,0,0,300,0.5,1700,0.5,0
7,7,660,2,10,5,0,500,0.6,1000,0.2,1400,0.2,0
