0,0,380,0,0,500,0.6,1000,0.2,1400,0.2,1
0,1,308,1,0,500,0.6,1000,0.2,1400,0.2,0
0,2,464,2,10,5,0,500,0.6,1000,0.2,1400,0.2,2
0,3,694,1,0,500,0.6,1000,0.2,1400,0.2,0
0,4,282,0,0,500,0.6,1000,0.2,1400,0.2,0
0,5,566,0,0,500,0.6,1000,0.2,1400,0.2,0
0,6,321,1,0,300,0.5,1700,0.5,2
0,7,37,1,0,300,0.5,1700,0.5,0
1,0,587,0,0,300,0.5,1700,0.5,0
1,1,524,0,0,500,0.6,1000,0.2,1400,0.2,1
1,2,479,1,0,300,0.5,1700,0.5,2
1,3,349,1,0,300,0.5,1700,0.5,0
1,4,990,2,10,5,0,500,0.6,1000,0.2,1400,0.2,1
1,5,763,0,0,300,0.5,1700,0.5,2
1,6,607,2,10,5,0,300,0.5,1700,0.5,2
1,7,916,2,10,5,0,500,0.6,1000,0.2,1400,0.2,0
2,0,912,2,10,5,0,500,0.6,1000,0.2,1400,0.2,2
2,1,83,0,0,500,0.6,1000,0.2,1400,0.2,2
2,2,400,2,10,5,0,500,0.6,1000,0.2,1400,0.2,1
2,3,668,0,0,500,0.6,1000,0.2,1400,0.2,1
2,4,651,2,10,5,0,500,0.6,1000,0.2,1400,0.2,2
2,5,394,2,10,5,0,300,0.5,1700,0.5,1
2,6,160,0,0,300,0.5,1700,0.5,1
2,7,39,2,10,5,0,500,0.6,1000,0.2,1400,0.2,2
3,0,173,0,0,300,0.5,1700,0.5,2
3,1,814,2,10,5,0,300,0.5,1700,0.5,2
3,2,120,1,0,300,0.5,1700,0.5,2
3,3,329,1,0,300,0.5,1700,0.5,1
3,4,892,0,0,500,0.6,1000,0.2,1400,0.2,0
3,5,43,2,10,5,0,300,0.5,1700,0.5,0
3,6,584,0,0,500,0.6,1000,0.2,1400,0.2,0
3,7,654,2,10,5,0,300,0.5,1700,0.5,2
4,0,691,1,0,500,0.6,1000,0.2,1400,0.2,0
4,1,84,0,0,500,0.6,1000,0.2,1400,0.2,2
4,2,500,0,0,300,0.5,1700,0.5,1
4,3,885,0,0,300,0.5,1700,0.5,1
4,4,390,1,0,500,0.6,1000,0.2,1400,0.2,2
4,5,778,0,0,300,0.5,1700,0.5,1
4,6,360,0,0,500,0.6,1000,0.2,1400,0.2,1
4,7,593,0,0,500,0.6,1000,0.2,1400,0.2,0
5,0,788,0,0,500,0.6,1000,0.2,1400,0.2,0
5,1,65,1,0,500,0.6,1000,0.2,1400,0.2,2
5,2,483,1,0,500,0.6,1000,0.2,1400,0.2,0
5,3,558,1,0,300,0.5,1700,0.5,1
5,4,978,1,0,300,0.5,1700,0.5,1
5,5,591,1,0,300,0.5,1700,0.5,0
5,6,602,2,10,5,0,500,0.6,1000,0.2,1400,0.2,0
5,7,487,0,0,500,0.6,1000,0.2,1400,0.2,2
6,0,34,2,10,5,0,300,0.5,1700,0.5,2
6,1,865,0,0,300,0.5,1700,0.5,1
6,2,631,2,10,5,0,500,0.6,1000,0.2,1400,0.2,1
6,3,928,2,10,5,0,500,0.6,1000,0.2,1400,0.2,2
6,4,227,1,0,500,0.6,1000,0.2,1400,0.2,2
6,5,829,0,0,500,0.6,1000,0.2,1400,0.2,1
6,6,475,0,0,500,0.6,1000,0.2,1400,0.2,2
6,7,829,2,10,5,0,500,0.6,1000,0.2,1400,0.2,1
7,0,552,2,10,5,0,300,0.5,1700,0.5,1
7,1,286,0,0,500,0.6,1000,0.2,1400,0.2,0
7,2,712,0,0,300,0.5,1700,0.5,1
7,3,577,2,10,5,0,300,0.5,1700,0.5,1
7,4,807,2,10,5,0,300,0.5,1700,0.5,2
7,5,443,2,10,5,0,300,0.5,1700,0.5,2
7,6,566,0,0,500,0.6,1000,0.2,1400,0.2,1
7,7,188,1,0,500,0.6,1000,0.2,1400,0.2,2
