0,0,724,0,0,300,0.5,1700,0.5,0
0,1,820,1,0,500,0.6,1000,0.2,1400,0.2,0
0,2,212,1,0,300,0.5,1700,0.5,1
0,3,475,0,0,300,0.5,1700,0.5,2
0,4,101,0,0,500,0.6,1000,0.2,1400,0.2,1
0,5,441,2,10,5,0,300,0.5,1700,0.5,1
0,6,439,1,0,500,0.6,1000,0.2,1400,0.2,2
0,7,849,0,0,300,0.5,1700,0.5,0
1,0,950,1,0,500,0.6,1000,0.2,1400,0.2,1
1,1,747,2,10,5,0,300,0.5,1700,0.5,0
1,2,725,0,0,500,0.6,1000,0.2,1400,0.2,2
1,3,710,2,10,5,0,500,0.6,1000,0.2,1400,0.2,1
1,4,779,1,0,300,0.5,1700,0.5,1
1,5,895,1,0,300,0.5,1700,0.5,1
1,6,784,2,10,5,0,300,0.5,1700,0.5,1
1,7,992,0,0,500,0.6,1000,0.2,1400,0.2,1
2,0,356,2,10,5,0,300,0.5,1700,0.5,0
2,1,593,2,10,5,0,500,0.6,1000,0.2,1400,0.2,0
2,2,432,0,0,500,0.6,1000,0.2,1400,0.2,1
2,3,375,0,0,500,0.6,1000,0.2,1400,0.2,1
2,4,645,1,0,300,0.5,1700,0.5,0
2,5,166,2,10,5,0,500,0.6,1000,0.2,1400,0.2,2
2,6,197,2,10,5,0,500,0.6,1000,0.2,1400,0.2,0
2,7,655,1,0,300,0.5,1700,0.5,2
3,0,813,1,0,500,0.6,1000,0.2,1400,0.2,1
3,1,180,2,10,5,0,500,0.6,1000,0.2,1400,0.2,0
3,2,758,0,0,300,0.5,1700,0.5,0
3,3,920,1,0,300,0.5,1700,0.5,0
3,4,205,1,0,300,0.5,1700,0.5,1
3,5,655,1,0,500,0.6,1000,0.2,1400,0.2,1
3,6,468,1,0,500,0.6,1000,0.2,1400,0.2,1
3,7,672,1,0,500,0.6,1000,0.2,1400,0.2,0
4,0,41,2,10,5,0,500,0.6,1000,0.2,1400,0.2,1
4,1,741,0,0,500,0.6,1000,0.2,1400,0.2,1
4,2,702,1,0,300,0.5,1700,0.5,1
4,3,222,2,10,5,0,500,0.6,1000,0.2,1400,0.2,0
4,4,764,0,0,300,0.5,1700,0.5,0
4,5,486,2,10,5,0,300,0.5,1700,0.5,0
4,6,772,1,0,300,0.5,1700,0.5,0
4,7,227,2,10,5,0,300,0.5,1700,0.5,0
5,0,870,2,10,5,0,500,0.6,1000,0.2,1400,0.2,0
5,1,716,1,0,300,0.5,1700,0.5,2
5,2,307,0,0,300,0.5,1700,0.5,2
5,3,888,2,10,5,0,300,0.5,1700,0.5,1
5,4,742,2,10,5,0,300,0.5,1700,0.5,1
5,5,673,1,0,300,0.5,1700,0.5,1
5,6,103,1,0,500,0.6,1000,0.2,1400,0.2,1
5,7,182,2,10,5,0,500,0.6,1000,0.2,1400,0.2,2
6,0,345,1,0,300,0.5,1700,0.5,1
6,1,517,2,10,5,0,500,0.6,1000,0.2,1400,0.2,1
6,2,652,2,10,5,0,300,0.5,1700,0.5,2
6,3,338,1,0,500,0.6,1000,0.2,1400,0.2,1
6,4,984,0,0,300,0.5,1700,0.5,0
6,5,927,1,0,300,0.5,1700,0.5,1
6,6,935,0,0,300,0.5,1700,0.5,0
6,7,317,2,10,5,0,500,0.6,1000,0.2,1400,0.2,2
7,0,347,1,0,300,0.5,1700,0.5,1
7,1,705,2,10,5,0,500,0.6,1000,0.2,1400,0.2,0
7,2,732,1,0,500,0.6,1000,0.2,1400,0.2,0
7,3,779,2,10,5,0,500,0.6,1000,0.2,1400,0.2,0
7,4,671,1,0,500,0.6,1000,0.2,1400,0.2,0
7,5,347,0,0,300,0.5,1700,0.5,1
7,6,329,1,0,300,0.5,1700,0.5,1
7,7,280,1,0,500,0.6,1000,0.2,1400,0.2,0
