0,0,684,1,0,300,0.5,1700,0.5,2
0,1,833,1,0,300,0.5,1700,0.5,2
0,2,784,2,10,5,0,300,0.5,1700,0.5,2
0,3,177,1,0,300,0.5,1700,0.5,0
0,4,409,0,0,300,0.5,1700,0.5,0
0,5,990,0,0,500,0.6,1000,0.2,1400,0.2,1
0,6,747,1,0,500,0.6,1000,0.2,1400,0.2,2
0,7,420,0,0,500,0.6,1000,0.2,1400,0.2,1
1,0,913,2,10,5,0,500,0.6,1000,0.2,1400,0.2,0
1,1,382,1,0,300,0.5,1700,0.5,0
1,2,704,0,0,500,0.6,1000,0.2,1400,0.2,2
1,3,236,1,0,500,0.6,1000,0.2,1400,0.2,0
1,4,876,2,10,5,0,300,0.5,1700,0.5,0
1,5,699,2,10,5,0,500,0.6,1000,0.2,1400,0.2,1
1,6,438,1,0,500,0.6,1000,0.2,1400,0.2,0
1,7,232,2,10,5,0,300,0.5,1700,0.5,1
2,0,741,0,0,500,0.6,1000,0.2,1400,0.2,2
2,1,503,0,0,300,0.5,1700,0.5,2
2,2,58,2,10,5,0,500,0.6,1000,0.2,1400,0.2,1
2,3,217,0,0,300,0.5,1700,0.5,0
2,4,666,0,0,500,0.6,1000,0.2,1400,0.2,1
2,5,945,1,0,300,0.5,1700,0.5,0
2,6,578,2,10,5,0,500,0.6,1000,0.2,1400,0.2,0
2,7,492,0,0,500,0.6,1000,0.2,1400,0.2,0
3,0,177,1,0,500,0.6,1000,0.2,1400,0.2,1
3,1,12,2,10,5,0,500,0.6,1000,0.2,1400,0.2,0
3,2,64,0,0,500,0.6,1000,0.2,1400,0.2,2
3,3,358,1,0,500,0.6,1000,0.2,1400,0.2,2
3,4,540,0,0,300,0.5,1700,0.5,2
3,5,314,0,0,300,0.5,1700,0.5,1
3,6,845,2,10,5,0,300,0.5,1700,0.5,2
3,7,833,2,10,5,0,300,0.5,1700,0.5,2
4,0,23,2,10,5,0,500,0.6,1000,0.2,1400,0.2,1
4,1,262,2,10,5,0,300,0.5,1700,0.5,2
4,2,976,2,10,5,0,500,0.6,1000,0.2,1400,0.2,0
4,3,703,1,0,500,0.6,1000,0.2,1400,0.2,2
4,4,518,0,0,300,0.5,1700,0.5,1
4,5,137,2,10,5,0,300,0.5,1700,0.5,1
4,6,825,0,0,300,0.5,1700,0.5,0
4,7,494,0,0,300,0.5,1700,0.5,2
5,0,972,0,0,300,0.5,1700,0.5,0
5,1,891,1,0,300,0.5,1700,0.5,0
5,2,129,2,10,5,0,500,0.6,1000,0.2,1400,0.2,2
5,3,668,2,10,5,0,300,0.5,1700,0.5,0
5,4,545,0,0,500,0.6,1000,0.2,1400,0.2,2
5,5,756,2,10,5,0,300,0.5,1700,0.5,2
5,6,732,1,0,300,0.5,1700,0.5,2
5,7,313,1,0,300,0.5,1700,0.5,1
6,0,628,0,0,300,0.5,1700,0.5,0
6,1,32,0,0,300,0.5,1700,0.5,0
6,2,527,1,0,300,0.5,1700,0.5,1
6,3,486,2,10,5,0,500,0.6,1000,0.2,1400,0.2,0
6,4,84,1,0,300,0.5,1700,0.5,2
6,5,687,2,10,5,0,300,0.5,1700,0.5,2
6,6,187,0,0,300,0.5,1700,0.5,0
6,7,817,1,0,300,0.5,1700,0.5,1
7,0,564,0,0,300,0.5,1700,0.5,2
7,1,72,1,0,500,0.6,1000,0.2,1400,0.2,0
7,2,307,1,0,300,0.5,1700,0.5,1
7,3,527,0,0,500,0.6,1000,0.2,1400,0.2,0
7,4,426,0,0,300,0.5,1700,0.5,1
7,5,377,1,0,500,0.6,1000,0.2,1400,0.2,1
7,6,913,0,0,500,0.6,1000,0.2,1400,0.2,1
7,7,202,0,0,500,0.6,1000,0.2,1400,0.2,1
