0,0,929,0,0,500,0.6,1000,0.2,1400,0.2,0
0,1,546,0,0,300,0.5,1700,0.5,1
0,2,253,2,10,5,0,300,0.5,1700,0.5,2
0,3,566,0,0,300,0.5,1700,0.5,2
0,4,824,2,10,5,0,300,0.5,1700,0.5,1
0,5,963,0,0,300,0.5,1700,0.5,2
0,6,416,2,10,5,0,500,0.6,1000,0.2,1400,0.2,2
0,7,466,2,10,5,0,500,0.6,1000,0.2,1400,0.2,2
1,0,172,1,0,500,0.6,1000,0.2,1400,0.2,1
1,1,937,0,0,300,0.5,1700,0.5,2
1,2,704,0,0,300,0.5,1700,0.5,2
1,3,153,0,0,300,0.5,1700,0.5,2
1,4,260,2,10,5,0,500,0.6,1000,0.2,1400,0.2,1
1,5,835,0,0,300,0.5,1700,0.5,0
1,6,288,0,0,300,0.5,1700,0.5,0
1,7,442,2,10,5,0,300,0.5,1700,0.5,0
2,0,91,2,10,5,0,500,0.6,1000,0.2,1400,0.2,0
2,1,361,2,10,5,0,300,0.5,1700,0.5,0
2,2,310,1,0,500,0.6,1000,0.2,1400,0.2,1
2,3,934,1,0,300,0.5,1700,0.5,1
2,4,607,2,10,5,0,300,0.5,1700,0.5,1
2,5,416,0,0,500,0.6,1000,0.2,1400,0.2,2
2,6,853,0,0,500,0.6,1000,0.2,1400,0.2,1
2,7,447,2,10,5,0,500,0.6,1000,0.2,1400,0.2,2
3,0,715,2,10,5,0,300,0.5,1700,0.5,1
3,1,423,1,0,300,0.5,1700,0.5,1
3,2,816,0,0,500,0.6,1000,0.2,1400,0.2,1
3,3,800,2,10,5,0,300,0.5,1700,0.5,0
3,4,420,0,0,300,0.5,1700,0.5,0
3,5,597,2,10,5,0,300,0.5,1700,0.5,2
3,6,222,1,0,300,0.5,1700,0.5,2
3,7,363,0,0,300,0.5,1700,0.5,0
4,0,920,2,10,5,0,500,0.6,1000,0.2,1400,0.2,0
4,1,298,0,0,500,0.6,1000,0.2,1400,0.2,0
4,2,140,1,0,300,0.5,1700,0.5,1
4,3,118,1,0,300,0.5,1700,0.5,2
4,4,968,0,0,300,0.5,1700,0.5,2
4,5,710,1,0,500,0.6,1000,0.2,1400,0.2,0
4,6,175,2,10,5,0,300,0.5,1700,0.5,0
4,7,81,0,0,300,0.5,1700,0.5,0
5,0,284,0,0,500,0.6,1000,0.2,1400,0.2,0
5,1,131,1,0,300,0.5,1700,0.5,1
5,2,886,0,0,500,0.6,1000,0.2,1400,0.2,1
5,3,30,0,0,300,0.5,1700,0.5,2
5,4,815,2,10,5,0,500,0.6,1000,0.2,1400,0.2,0
5,5,530,1,0,300,0.5,1700,0.5,0
5,6,959,0,0,300,0.5,1700,0.5,1
5,7,174,2,10,5,0,300,0.5,1700,0.5,1
6,0,910,1,0,300,0.5,1700,0.5,2
6,1,657,2,10,5,0,500,0.6,1000,0.2,1400,0.2,0
6,2,203,0,0,300,0.5,1700,0.5,1
6,3,127,2,10,5,0,300,0.5,1700,0.5,0
6,4,371,1,0,500,0.6,1000,0.2,1400,0.2,2
6,5,944,2,10,5,0,500,0.6,1000,0.2,1400,0.2,2
6,6,210,0,0,500,0.6,1000,0.2,1400,0.2,0
6,7,672,2,10,5,0,500,0.6,1000,0.2,1400,0.2,2
7,0,651,2,10,5,0,500,0.6,1000,0.2,1400,0.2,0
7,1,981,0,0,300,0.5,1700,0.5,1
7,2,430,2,10,5,0,300,0.5,1700,0.5,2
7,3,595,0,0,300,0.5,1700,0.5,0
7,4,593,2,10,5,0,300,0.5,1700,0.5,2
7,5,136,2,10,5,0,500,0.6,1000,0.2,1400,0.2,1
7,6,573,0,0,500,0.6,1000,0.2,1400,0.2,0
7,7,125,1,0,500,0.6,1000,0.2,1400,0.2,1
