0,0,196,1,0,500,0.6,1000,0.2,1400,0.2,2
0,1,413,2,10,5,0,500,0.6,1000,0.2,1400,0.2,0
0,2,708,1,0,500,0.6,1000,0.2,1400,0.2,1
0,3,537,2,10,5,0,300,0.5,1700,0.5,2
0,4,732,1,0,300,0.5,1700,0.5,1
0,5,332,1,0,300,0.5,1700,0.5,0
0,6,514,0,0,500,0.6,1000,0.2,1400,0.2,1
0,7,596,1,0,300,0.5,1700,0.5,2
1,0,794,0,0,500,0.6,1000,0.2,1400,0.2,0
1,1,858,1,0,500,0.6,1000,0.2,1400,0.2,2
1,2,321,1,0,500,0.6,1000,0.2,1400,0.2,1
1,3,729,1,0,300,0.5,1700,0.5,1
1,4,159,0,0,500,0.6,1000,0.2,1400,0.2,1
1,5,295,2,10,5,0,300,0.5,1700,0.5,2
1,6,725,2,10,5,0,500,0.6,1000,0.2,1400,0.2,1
1,7,266,2,10,5,0,300,0.5,1700,0.5,1
2,0,956,2,10,5,0,300,0.5,1700,0.5,1
2,1,253,1,0,500,0.6,1000,0.2,1400,0.2,1
2,2,223,0,0,500,0.6,1000,0.2,1400,0.2,1
2,3,536,1,0,500,0.6,1000,0.2,1400,0.2,0
2,4,665,2,10,5,0,500,0.6,1000,0.2,1400,0.2,1
2,5,299,1,0,500,0.6,1000,0.2,1400,0.2,1
2,6,278,1,0,300,0.5,1700,0.5,0
2,7,829,1,0,300,0.5,1700,0.5,1
3,0,621,2,10,5,0,300,0.5,1700,0.5,1
3,1,163,2,10,5,0,300,0.5,1700,0.5,0
3,2,618,1,0,500,0.6,1000,0.2,1400,0.2,2
3,3,303,1,0,500,0.6,1000,0.2,1400,0.2,0
3,4,212,2,10,5,0,500,0.6,1000,0.2,1400,0.2,1
3,5,319,1,0,300,0.5,1700,0.5,1
3,6,58,2,10,5,0,300,0.5,1700,0.5,1
3,7,220,2,10,5,0,300,0.5,1700,0.5,2
4,0,299,0,0,500,0.6,1000,0.2,1400,0.2,2
4,1,222,2,10,5,0,300,0.5,1700,0.5,1
4,2,671,1,0,300,0.5,1700,0.5,2
4,3,247,2,10,5,0,500,0.6,1000,0.2,1400,0.2,0
4,4,151,1,0,300,0.5,1700,0.5,2
4,5,956,2,10,5,0,300,0.5,1700,0.5,0
4,6,539,2,10,5,0,500,0.6,1000,0.2,1400,0.2,1
4,7,142,0,0,500,0.6,1000,0.2,1400,0.2,2
5,0,692,2,10,5,0,500,0.6,1000,0.2,1400,0.2,0
5,1,967,2,10,5,0,300,0.5,1700,0.5,2
5,2,319,2,10,5,0,500,0.6,1000,0.2,1400,0.2,0
5,3,822,2,10,5,0,500,0.6,1000,0.2,1400,0.2,0
5,4,444,1,0,300,0.5,1700,0.5,2
5,5,171,1,0,500,0.6,1000,0.2,1400,0.2,2
5,6,688,1,0,300,0.5,1700,0.5,0
5,7,580,0,0,500,0.6,1000,0.2,1400,0.2,0
6,0,542,1,0,500,0.6,1000,0.2,1400,0.2,0
6,1,745,1,0,500,0.6,1000,0.2,1400,0.2,2
6,2,831,2,10,5,0,500,0.6,1000,0.2,1400,0.2,2
6,3,872,0,0,500,0.6,1000,0.2,1400,0.2,1
6,4,886,1,0,300,0.5,1700,0.5,2
6,5,65,0,0,300,0.5,1700,0.5,2
6,6,245,1,0,300,0.5,1700,0.5,1
6,7,983,2,10,5,0,300,0.5,1700,0.5,1
7,0,341,1,0,500,0.6,1000,0.2,1400,0.2,0
7,1,30,2,10,5,0,300,0.5,1700,0.5,0
7,2,327,0,0,500,0.6,1000,0.2,1400,0.2,0
7,3,550,2,10,5,0,300,0.5,1700,0.5,2
7,4,897,0,0,500,0.6,1000,0.2,1400,0.2,1
7,5,181,1,0,500,0.6,1000,0.2,1400,0.2,1
7,6,23,1,0,300,0.5,1700,0.5,0
7,7,876,1,0,500,0.6,1000,0.2,1400,0.2,2
