0,0,552,1,0,300,0.5,1700,0.5,2
0,1,207,2,10,5,0,500,0.6,1000,0.2,1400,0.2,0
0,2,67,0,0,500,0.6,1000,0.2,1400,0.2,2
0,3,786,0,0,300,0.5,1700,0.5,0
0,4,183,2,10,5,0,300,0.5,1700,0.5,0
0,5,478,1,0,300,0.5,1700,0.5,0
0,6,861,2,10,5,0,300,0.5,1700,0.5,0
0,7,264,2,10,5,0,300,0.5,1700,0.5,2
1,0,991,0,0,300,0.5,1700,0.5,0
1,1,739,0,0,300,0.5,1700,0.5,2
1,2,561,1,0,500,0.6,1000,0.2,1400,0.2,2
1,3,280,1,0,300,0.5,1700,0.5,1
1,4,143,2,10,5,0,300,0.5,1700,0.5,1
1,5,116,0,0,300,0.5,1700,0.5,1
1,6,643,2,10,5,0,300,0.5,1700,0.5,0
1,7,808,1,0,500,0.6,1000,0.2,1400,0.2,1
2,0,788,0,0,500,0.6,1000,0.2,1400,0.2,2
2,1,161,1,0,300,0.5,1700,0.5,0
2,2,573,2,10,5,0,300,0.5,1700,0.5,2
2,3,525,1,0,300,0.5,1700,0.5,0
2,4,648,2,10,5,0,300,0.5,1700,0.5,2
2,5,312,0,0,500,0.6,1000,0.2,1400,0.2,0
2,6,812,1,0,300,0.5,1700,0.5,2
2,7,732,0,0,500,0.6,1000,0.2,1400,0.2,0
3,0,277,0,0,500,0.6,1000,0.2,1400,0.2,1
3,1,109,1,0,300,0.5,1700,0.5,2
3,2,146,2,10,5,0,300,0.5,1700,0.5,0
3,3,274,0,0,500,0.6,1000,0.2,1400,0.2,1
3,4,456,2,10,5,0,300,0.5,1700,0.5,1
3,5,790,1,0,500,0.6,1000,0.2,1400,0.2,1
3,6,505,2,10,5,0,500,0.6,1000,0.2,1400,0.2,0
3,7,955,1,0,500,0.6,1000,0.2,1400,0.2,1
4,0,787,0,0,500,0.6,1000,0.2,1400,0.2,0
4,1,437,1,0,500,0.6,1000,0.2,1400,0.2,1
4,2,171,1,0,500,0.6,1000,0.2,1400,0.2,0
4,3,791,2,10,5,0,500,0.6,1000,0.2,1400,0.2,1
4,4,571,2,10,5,0,300,0.5,1700,0.5,0
4,5,137,1,0,300,0.5,1700,0.5,2
4,6,98,1,0,500,0.6,1000,0.2,1400,0.2,2
4,7,442,0,0,300,0.5,1700,0.5,2
5,0,284,1,0,300,0.5,1700,0.5,2
5,1,533,2,10,5,0,500,0.6,1000,0.2,1400,0.2,0
5,2,533,1,0,500,0.6,1000,0.2,1400,0.2,0
5,3,482,1,0,300,0.5,1700,0.5,1
5,4,436,2,10,5,0,500,0.6,1000,0.2,1400,0.2,0
5,5,875,1,0,500,0.6,1000,0.2,1400,0.2,0
5,6,376,2,10,5,0,300,0.5,1700,0.5,2
5,7,1000,0,0,500,0.6,1000,0.2,1400,0.2,2
6,0,950,0,0,300,0.5,1700,0.5,1
6,1,495,0,0,500,0.6,1000,0.2,1400,0.2,0
6,2,546,2,10,5,0,500,0.6,1000,0.2,1400,0.2,1
6,3,225,1,0,300,0.5,1700,0.5,1
6,4,516,2,10,5,0,300,0.5,1700,0.5,1
6,5,962,0,0,500,0.6,1000,0.2,1400,0.2,1
6,6,173,2,10,5,0,300,0.5,1700,0.5,0
6,7,801,0,0,500,0.6,1000,0.2,1400,0.2,0
7,0,142,2,10,5,0,300,0.5,1700,0.5,1
7,1,454,1,0,300,0.5,1700,0.5,0
7,2,411,0,0,300,0.5,1700,0.5,1
7,3,743,2,10,5,0,500,0.6,1000,0.2,1400,0.2,1
7,4,96,2,10,5,0,500,0.6,1000,0.2,1400,0.2,1
7,5,955,0,0,300,0.5,1700,0.5,1
7,6,256,1,0,300,0.5,1700,0.5,0
7,7,916,2,10,5,0,500,0.6,1000,0.2,1400,0.2,1
