0,0,784,2,10,5,0,500,0.6,1000,0.2,1400,0.2,0
0,1,957,0,0,300,0.5,1700,0.5,1
0,2,64,1,0,500,0.6,1000,0.2,1400,0.2,2
0,3,256,1,0,300,0.5,1700,0.5,2
0,4,409,0,0,500,0.6,1000,0.2,1400,0.2,2
0,5,799,1,0,500,0.6,1000,0.2,1400,0.2,0
0,6,894,1,0,500,0.6,1000,0.2,1400,0.2,2
0,7,259,1,0,500,0.6,1000,0.2,1400,0.2,0
1,0,144,2,10,5,0,300,0.5,1700,0.5,0
1,1,530,1,0,500,0.6,1000,0.2,1400,0.2,0
1,2,959,1,0,500,0.6,1000,0.2,1400,0.2,0
1,3,850,1,0,300,0.5,1700,0.5,0
1,4,48,2,10,5,0,500,0.6,1000,0.2,1400,0.2,0
1,5,944,2,10,5,0,300,0.5,1700,0.5,1
1,6,889,0,0,300,0.5,1700,0.5,1
1,7,966,0,0,500,0.6,1000,0.2,1400,0.2,1
2,0,385,0,0,500,0.6,1000,0.2,1400,0.2,2
2,1,568,0,0,500,0.6,1000,0.2,1400,0.2,1
2,2,779,2,10,5,0,300,0.5,1700,0.5,2
2,3,572,0,0,300,0.5,1700,0.5,0
2,4,21,0,0,500,0.6,1000,0.2,1400,0.2,1
2,5,34,0,0,300,0.5,1700,0.5,0
2,6,115,2,10,5,0,500,0.6,1000,0.2,1400,0.2,2
2,7,237,2,10,5,0,500,0.6,1000,0.2,1400,0.2,0
3,0,111,2,10,5,0,300,0.5,1700,0.5,1
3,1,742,1,0,300,0.5,1700,0.5,0
3,2,881,0,0,300,0.5,1700,0.5,1
3,3,247,0,0,300,0.5,1700,0.5,2
3,4,418,2,10,5,0,500,0.6,1000,0.2,1400,0.2,2
3,5,404,2,10,5,0,300,0.5,1700,0.5,2
3,6,965,2,10,5,0,500,0.6,1000,0.2,1400,0.2,1
3,7,404,1,0,500,0.6,1000,0.2,1400,0.2,2
4,0,10,2,10,5,0,500,0.6,1000,0.2,1400,0.2,0
4,1,15,2,10,5,0,500,0.6,1000,0.2,1400,0.2,0
4,2,331,1,0,300,0.5,1700,0.5,2
4,3,507,1,0,500,0.6,1000,0.2,1400,0.2,1
4,4,490,0,0,500,0.6,1000,0.2,1400,0.2,1
4,5,970,2,10,5,0,500,0.6,1000,0.2,1400,0.2,2
4,6,938,0,0,300,0.5,1700,0.5,2
4,7,187,2,10,5,0,500,0.6,1000,0.2,1400,0.2,2
5,0,394,2,10,5,0,500,0.6,1000,0.2,1400,0.2,2
5,1,779,2,10,5,0,500,0.6,1000,0.2,1400,0.2,1
5,2,927,0,0,300,0.5,1700,0.5,2
5,3,909,2,10,5,0,300,0.5,1700,0.5,0
5,4,202,0,0,500,0.6,1000,0.2,1400,0.2,2
5,5,403,0,0,300,0.5,1700,0.5,0
5,6,404,1,0,500,0.6,1000,0.2,1400,0.2,0
5,7,618,2,10,5,0,500,0.6,1000,0.2,1400,0.2,2
6,0,748,0,0,300,0.5,1700,0.5,2
6,1,633,2,10,5,0,300,0.5,1700,0.5,0
6,2,752,1,0,300,0.5,1700,0.5,1
6,3,483,0,0,300,0.5,1700,0.5,0
6,4,844,0,0,500,0.6,1000,0.2,1400,0.2,0
6,5,586,2,10,5,0,300,0.5,1700,0.5,0
6,6,303,2,10,5,0,300,0.5,1700,0.5,0
6,7,447,0,0,300,0.5,1700,0.5,0
7,0,966,1,0,300,0.5,1700,0.5,0
7,1,155,1,0,300,0.5,1700,0.5,1
7,2,547,0,0,300,0.5,1700,0.5,0
7,3,130,1,0,300,0.5,1700,0.5,2
7,4,616,1,0,500,0.6,1000,0.2,1400,0.2,0
7,5,22,1,0,500,0.6,1000,0.2,1400,0.2,2
7,6,34,2,10,5,0,300,0.5,1700,0.5,2
7,7,564,2,10,5,0,300,0.5,1700,0.5,1
