0,0,450,0,0,300,0.5,1700,0.5,1
0,1,85,1,0,300,0.5,1700,0.5,1
0,2,567,2,10,5,0,300,0.5,1700,0.5,2
0,3,689,1,0,300,0.5,1700,0.5,1
0,4,867,1,0,500,0.6,1000,0.2,1400,0.2,1
0,5,961,1,0,300,0.5,1700,0.5,1
0,6,79,2,10,5,0,500,0.6,1000,0.2,1400,0.2,2
0,7,389,2,10,5,0,300,0.5,1700,0.5,2
0,8,232,0,0,500,0.6,1000,0.2,1400,0.2,1
1,0,116,0,0,500,0.6,1000,0.2,1400,0.2,0
1,1,535,0,0,300,0.5,1700,0.5,0
1,2,157,0,0,500,0.6,1000,0.2,1400,0.2,2
1,3,29,2,10,5,0,300,0.5,1700,0.5,1
1,4,977,2,10,5,0,300,0.5,1700,0.5,1
1,5,422,0,0,500,0.6,1000,0.2,1400,0.2,2
1,6,638,2,10,5,0,300,0.5,1700,0.5,1
1,7,283,2,10,5,0,500,0.6,1000,0.2,1400,0.2,1
1,8,12,0,0,300,0.5,1700,0.5,2
2,0,260,2,10,5,0,500,0.6,1000,0.2,1400,0.2,2
2,1,674,1,0,500,0.6,1000,0.2,1400,0.2,0
2,2,394,2,10,5,0,500,0.6,1000,0.2,1400,0.2,2
2,3,663,0,0,500,0.6,1000,0.2,1400,0.2,1
2,4,715,2,10,5,0,500,0.6,1000,0.2,1400,0.2,0
2,5,672,1,0,300,0.5,1700,0.5,2
2,6,455,2,10,5,0,500,0.6,1000,0.2,1400,0.2,0
2,7,882,2,10,5,0,300,0.5,1700,0.5,1
2,8,411,0,0,300,0.5,1700,0.5,2
3,0,403,1,0,500,0.6,1000,0.2,1400,0.2,0
3,1,541,1,0,500,0.6,1000,0.2,1400,0.2,1
3,2,108,2,10,5,0,300,0.5,1700,0.5,1
3,3,142,0,0,300,0.5,1700,0.5,2
3,4,994,1,0,500,0.6,1000,0.2,1400,0.2,1
3,5,430,1,0,300,0.5,1700,0.5,1
3,6,784,0,0,300,0.5,1700,0.5,0
3,7,449,1,0,300,0.5,1700,0.5,0
3,8,419,1,0,500,0.6,1000,0.2,1400,0.2,2
4,0,454,1,0,300,0.5,1700,0.5,0
4,1,381,2,10,5,0,500,0.6,1000,0.2,1400,0.2,1
4,2,489,1,0,300,0.5,1700,0.5,2
4,3,270,1,0,300,0.5,1700,0.5,2
4,4,862,2,10,5,0,500,0.6,1000,0.2,1400,0.2,0
4,5,612,0,0,500,0.6,1000,0.2,1400,0.2,1
4,6,953,1,0,300,0.5,1700,0.5,1
4,7,268,1,0,300,0.5,1700,0.5,1
4,8,967,0,0,500,0.6,1000,0.2,1400,0.2,1
5,0,647,2,10,5,0,500,0.6,1000,0.2,1400,0.2,0
5,1,507,1,0,300,0.5,1700,0.5,2
5,2,886,1,0,500,0.6,1000,0.2,1400,0.2,1
5,3,378,1,0,300,0.5,1700,0.5,0
5,4,843,0,0,300,0.5,1700,0.5,2
5,5,478,2,10,5,0,300,0.5,1700,0.5,2
5,6,451,0,0,500,0.6,1000,0.2,1400,0.2,0
5,7,907,1,0,300,0.5,1700,0.5,2
5,8,659,1,0,500,0.6,1000,0.2,1400,0.2,1
6,0,711,1,0,500,0.6,1000,0.2,1400,0.2,2
6,1,699,0,0,300,0.5,1700,0.5,0
6,2,660,1,0,500,0.6,1000,0.2,1400,0.2,0
6,3,979,1,0,500,0.6,1000,0.2,1400,0.2,2
6,4,806,0,0,300,0.5,1700,0.5,2
6,5,74,2,10,5,0,300,0.5,1700,0.5,1
6,6,903,0,0,500,0.6,1000,0.2,1400,0.2,0
6,7,807,2,10,5,0,300,0.5,1700,0.5,2
6,8,361,2,10,5,0,300,0.5,1700,0.5,1
7,0,414,2,10,5,0,500,0.6,1000,0.2,1400,0.2,0
7,1,680,0,0,300,0.5,1700,0.5,0
7,2,797,0,0,300,0.5,1700,0.5,2
7,3,561,2,10,5,0,500,0.6,1000,0.2,1400,0.2,1
7,4,462,1,0,500,0.6,1000,0.2,1400,0.2,0
7,5,190,0,0,500,0.6,1000,0.2,1400,0.2,2
7,6,627,2,10,5,0,300,0.5,1700,0.5,1
7,7,594,2,10,5,0,300,0.5,1700,0.5,1
7,8,513,2,10,5,0,300,0.5,1700,0.5,2
8,0,941,2,10,5,0,300,0.5,1700,0.5,2
8,1,819,2,10,5,0,500,0.6,1000,0.2,1400,0.2,1
8,2,263,0,0,500,0.6,1000,0.2,1400,0.2,1
8,3,719,0,0,500,0.6,1000,0.2,1400,0.2,1
8,4,748,2,10,5,0,500,0.6,1000,0.2,1400,0.2,0
8,5,848,2,10,5,0,300,0.5,1700,0.5,1
8,6,506,2,10,5,0,300,0.5,1700,0.5,0
8,7,591,1,0,500,0.6,1000,0.2,1400,0.2,2
8,8,570,2,10,5,0,500,0.6,1000,0.2,1400,0.2,2
