0,0,472,2,10,5,0,500,0.6,1000,0.2,1400,0.2,1
0,1,147,2,10,5,0,300,0.5,1700,0.5,2
0,2,620,1,0,500,0.6,1000,0.2,1400,0.2,2
0,3,592,0,0,500,0.6,1000,0.2,1400,0.2,1
0,4,940,0,0,300,0.5,1700,0.5,0
0,5,680,0,0,300,0.5,1700,0.5,0
0,6,408,1,0,300,0.5,1700,0.5,2
0,7,648,2,10,5,0,300,0.5,1700,0.5,2
0,8,506,0,0,500,0.6,1000,0.2,1400,0.2,2
1,0,629,2,10,5,0,500,0.6,1000,0.2,1400,0.2,1
1,1,451,1,0,500,0.6,1000,0.2,1400,0.2,1
1,2,363,2,10,5,0,300,0.5,1700,0.5,2
1,3,750,1,0,500,0.6,1000,0.2,1400,0.2,0
1,4,290,1,0,500,0.6,1000,0.2,1400,0.2,0
1,5,839,2,10,5,0,300,0.5,1700,0.5,1
1,6,298,0,0,300,0.5,1700,0.5,1
1,7,535,2,10,5,0,300,0.5,1700,0.5,0
1,8,137,0,0,500,0.6,1000,0.2,1400,0.2,1
2,0,22,2,10,5,0,300,0.5,1700,0.5,2
2,1,69,2,10,5,0,300,0.5,1700,0.5,0
2,2,487,1,0,300,0.5,1700,0.5,0
2,3,539,1,0,500,0.6,1000,0.2,1400,0.2,0
2,4,201,0,0,300,0.5,1700,0.5,0
2,5,849,2,10,5,0,300,0.5,1700,0.5,1
2,6,171,2,10,5,0,300,0.5,1700,0.5,0
2,7,554,1,0,300,0.5,1700,0.5,2
2,8,198,2,10,5,0,300,0.5,1700,0.5,0
3,0,374,1,0,500,0.6,1000,0.2,1400,0.2,2
3,1,778,2,10,5,0,300,0.5,1700,0.5,0
3,2,984,2,10,5,0,500,0.6,1000,0.2,1400,0.2,0
3,3,447,1,0,300,0.5,1700,0.5,2
3,4,900,1,0,500,0.6,1000,0.2,1400,0.2,2
3,5,890,2,10,5,0,300,0.5,1700,0.5,2
3,6,182,2,10,5,0,300,0.5,1700,0.5,2
3,7,589,2,10,5,0,500,0.6,1000,0.2,1400,0.2,0
3,8,530,1,0,500,0.6,1000,0.2,1400,0.2,2
4,0,616,0,0,500,0.6,1000,0.2,1400,0.2,2
4,1,223,0,0,300,0.5,1700,0.5,2
4,2,866,2,10,5,0,500,0.6,1000,0.2,1400,0.2,2
4,3,538,2,10,5,0,500,0.6,1000,0.2,1400,0.2,0
4,4,94,2,10,5,0,300,0.5,1700,0.5,0
4,5,172,2,10,5,0,500,0.6,1000,0.2,1400,0.2,0
4,6,328,1,0,500,0.6,1000,0.2,1400,0.2,0
4,7,979,1,0,300,0.5,1700,0.5,2
4,8,743,2,10,5,0,300,0.5,1700,0.5,1
5,0,331,1,0,300,0.5,1700,0.5,2
5,1,903,1,0,300,0.5,1700,0.5,2
5,2,551,2,10,5,0,500,0.6,1000,0.2,1400,0.2,2
5,3,81,1,0,300,0.5,1700,0.5,0
5,4,876,1,0,300,0.5,1700,0.5,2
5,5,684,1,0,500,0.6,1000,0.2,1400,0.2,0
5,6,644,0,0,300,0.5,1700,0.5,2
5,7,529,2,10,5,0,300,0.5,1700,0.5,0
5,8,614,2,10,5,0,500,0.6,1000,0.2,1400,0.2,0
6,0,519,1,0,300,0.5,1700,0.5,0
6,1,840,0,0,300,0.5,1700,0.5,2
6,2,432,2,10,5,0,500,0.6,1000,0.2,1400,0.2,2
6,3,738,1,0,300,0.5,1700,0.5,1
6,4,484,1,0,300,0.5,1700,0.5,2
6,5,262,0,0,300,0.5,1700,0.5,1
6,6,705,1,0,500,0.6,1000,0.2,1400,0.2,2
6,7,85,0,0,500,0.6,1000,0.2,1400,0.2,0
6,8,626,1,0,300,0.5,1700,0.5,2
7,0,239,2,10,5,0,300,0.5,1700,0.5,1
7,1,299,2,10,5,0,300,0.5,1700,0.5,1
7,2,333,1,0,300,0.5,1700,0.5,2
7,3,386,2,10,5,0,500,0.6,1000,0.2,1400,0.2,2
7,4,257,1,0,500,0.6,1000,0.2,1400,0.2,2
7,5,875,0,0,500,0.6,1000,0.2,1400,0.2,1
7,6,993,2,10,5,0,500,0.6,1000,0.2,1400,0.2,1
7,7,679,1,0,500,0.6,1000,0.2,1400,0.2,1
7,8,976,0,0,300,0.5,1700,0.5,2
8,0,954,2,10,5,0,500,0.6,1000,0.2,1400,0.2,2
8,1,503,2,10,5,0,300,0.5,1700,0.5,1
8,2,515,1,0,500,0.6,1000,0.2,1400,0.2,2
8,3,186,0,0,500,0.6,1000,0.2,1400,0.2,0
8,4,833,0,0,300,0.5,1700,0.5,2
8,5,811,2,10,5,0,500,0.6,1000,0.2,1400,0.2,1
8,6,399,1,0,300,0.5,1700,0.5,1
8,7,71,1,0,300,0.5,1700,0.5,2
8,8,323,0,0,500,0.6,1000,0.2,1400,0.2,0
