0,0,117,1,0,300,0.5,1700,0.5,1
0,1,45,2,10,5,0,500,0.6,1000,0.2,1400,0.2,1
0,2,964,1,0,300,0.5,1700,0.5,2
0,3,249,0,0,500,0.6,1000,0.2,1400,0.2,2
0,4,522,1,0,300,0.5,1700,0.5,1
0,5,186,2,10,5,0,500,0.6,1000,0.2,1400,0.2,0
0,6,531,0,0,300,0.5,1700,0.5,2
0,7,473,1,0,500,0.6,1000,0.2,1400,0.2,1
0,8,966,0,0,300,0.5,1700,0.5,2
1,0,441,1,0,500,0.6,1000,0.2,1400,0.2,2
1,1,825,1,0,500,0.6,1000,0.2,1400,0.2,0
1,2,910,2,10,5,0,500,0.6,1000,0.2,1400,0.2,2
1,3,278,2,10,5,0,500,0.6,1000,0.2,1400,0.2,1
1,4,601,1,0,500,0.6,1000,0.2,1400,0.2,0
1,5,985,1,0,300,0.5,1700,0.5,1
1,6,964,0,0,300,0.5,1700,0.5,0
1,7,152,2,10,5,0,300,0.5,1700,0.5,1
1,8,922,2,10,5,0,500,0.6,1000,0.2,1400,0.2,0
2,0,666,1,0,300,0.5,1700,0.5,1
2,1,962,2,10,5,0,300,0.5,1700,0.5,0
2,2,749,1,0,300,0.5,1700,0.5,2
2,3,412,1,0,500,0.6,1000,0.2,1400,0.2,0
2,4,821,0,0,300,0.5,1700,0.5,2
2,5,162,2,10,5,0,500,0.6,1000,0.2,1400,0.2,0
2,6,255,2,10,5,0,300,0.5,1700,0.5,0
2,7,672,2,10,5,0,500,0.6,1000,0.2,1400,0.2,0
2,8,993,2,10,5,0,500,0.6,1000,0.2,1400,0.2,1
3,0,64,2,10,5,0,300,0.5,1700,0.5,1
3,1,197,0,0,300,0.5,1700,0.5,1
3,2,40,2,10,5,0,500,0.6,1000,0.2,1400,0.2,1
3,3,446,2,10,5,0,300,0.5,1700,0.5,0
3,4,58,2,10,5,0,500,0.6,1000,0.2,1400,0.2,2
3,5,480,0,0,300,0.5,1700,0.5,1
3,6,732,2,10,5,0,500,0.6,1000,0.2,1400,0.2,1
3,7,167,1,0,500,0.6,1000,0.2,1400,0.2,1
3,8,899,1,0,500,0.6,1000,0.2,1400,0.2,1
4,0,262,1,0,500,0.6,1000,0.2,1400,0.2,0
4,1,815,0,0,300,0.5,1700,0.5,0
4,2,39,2,10,5,0,300,0.5,1700,0.5,0
4,3,233,1,0,300,0.5,1700,0.5,2
4,4,938,1,0,300,0.5,1700,0.5,1
4,5,271,2,10,5,0,300,0.5,1700,0.5,0
4,6,368,0,0,500,0.6,1000,0.2,1400,0.2,0
4,7,429,2,10,5,0,500,0.6,1000,0.2,1400,0.2,1
4,8,228,2,10,5,0,500,0.6,1000,0.2,1400,0.2,1
5,0,453,2,10,5,0,300,0.5,1700,0.5,2
5,1,416,1,0,500,0.6,1000,0.2,1400,0.2,0
5,2,499,2,10,5,0,500,0.6,1000,0.2,1400,0.2,0
5,3,678,1,0,500,0.6,1000,0.2,1400,0.2,2
5,4,848,1,0,500,0.6,1000,0.2,1400,0.2,2
5,5,624,1,0,300,0.5,1700,0.5,0
5,6,430,2,10,5,0,300,0.5,1700,0.5,1
5,7,69,2,10,5,0,300,0.5,1700,0.5,1
5,8,43,2,10,5,0,500,0.6,1000,0.2,1400,0.2,2
6,0,621,1,0,500,0.6,1000,0.2,1400,0.2,1
6,1,898,0,0,500,0.6,1000,0.2,1400,0.2,2
6,2,167,1,0,300,0.5,1700,0.5,1
6,3,483,0,0,500,0.6,1000,0.2,1400,0.2,1
6,4,348,0,0,500,0.6,1000,0.2,1400,0.2,1
6,5,318,1,0,500,0.6,1000,0.2,1400,0.2,2
6,6,582,0,0,500,0.6,1000,0.2,1400,0.2,2
6,7,765,0,0,500,0.6,1000,0.2,1400,0.2,1
6,8,481,0,0,500,0.6,1000,0.2,1400,0.2,0
7,0,694,1,0,500,0.6,1000,0.2,1400,0.2,1
7,1,459,0,0,300,0.5,1700,0.5,2
7,2,273,1,0,500,0.6,1000,0.2,1400,0.2,2
7,3,386,0,0,300,0.5,1700,0.5,1
7,4,331,0,0,500,0.6,1000,0.2,1400,0.2,2
7,5,577,0,0,300,0.5,1700,0.5,0
7,6,495,1,0,500,0.6,1000,0.2,1400,0.2,1
7,7,498,0,0,300,0.5,1700,0.5,0
7,8,25,2,10,5,0,300,0.5,1700,0.5,0
8,0,335,1,0,300,0.5,1700,0.5,1
8,1,258,0,0,500,0.6,1000,0.2,1400,0.2,1
8,2,37,0,0,300,0.5,1700,0.5,1
8,3,433,1,0,500,0.6,1000,0.2,1400,0.2,1
8,4,107,0,0,300,0.5,1700,0.5,2
8,5,771,0,0,300,0.5,1700,0.5,1
8,6,247,1,0,500,0.6,1000,0.2,1400,0.2,1
8,7,32,1,0,500,0.6,1000,0.2,1400,0.2,2
8,8,616,1,0,300,0.5,1700,0.5,0
