0,0,990,1,0,300,0.5,1700,0.5,2
0,1,379,2,10,5,0,300,0.5,1700,0.5,0
0,2,650,2,10,5,0,500,0.6,1000,0.2,1400,0.2,0
0,3,215,0,0,500,0.6,1000,0.2,1400,0.2,2
0,4,906,2,10,5,0,300,0.5,1700,0.5,2
0,5,515,0,0,300,0.5,1700,0.5,1
0,6,16,2,10,5,0,500,0.6,1000,0.2,1400,0.2,1
0,7,534,0,0,300,0.5,1700,0.5,1
0,8,299,0,0,300,0.5,1700,0.5,2
1,0,204,0,0,500,0.6,1000,0.2,1400,0.2,2
1,1,634,0,0,300,0.5,1700,0.5,2
1,2,761,2,10,5,0,500,0.6,1000,0.2,1400,0.2,2
1,3,44,2,10,5,0,500,0.6,1000,0.2,1400,0.2,2
1,4,457,0,0,300,0.5,1700,0.5,1
1,5,194,0,0,300,0.5,1700,0.5,0
1,6,406,0,0,500,0.6,1000,0.2,1400,0.2,1
1,7,549,2,10,5,0,300,0.5,1700,0.5,1
1,8,854,1,0,300,0.5,1700,0.5,2
2,0,164,2,10,5,0,500,0.6,1000,0.2,1400,0.2,1
2,1,328,0,0,500,0.6,1000,0.2,1400,0.2,2
2,2,159,2,10,5,0,500,0.6,1000,0.2,1400,0.2,1
2,3,532,0,0,500,0.6,1000,0.2,1400,0.2,2
2,4,837,1,0,300,0.5,1700,0.5,1
2,5,551,0,0,500,0.6,1000,0.2,1400,0.2,0
2,6,645,1,0,300,0.5,1700,0.5,2
2,7,587,2,10,5,0,500,0.6,1000,0.2,1400,0.2,1
2,8,996,1,0,300,0.5,1700,0.5,1
3,0,769,0,0,500,0.6,1000,0.2,1400,0.2,2
3,1,528,0,0,500,0.6,1000,0.2,1400,0.2,1
3,2,227,1,0,500,0.6,1000,0.2,1400,0.2,1
3,3,152,2,10,5,0,300,0.5,1700,0.5,2
3,4,437,0,0,500,0.6,1000,0.2,1400,0.2,0
3,5,221,0,0,300,0.5,1700,0.5,1
3,6,822,1,0,500,0.6,1000,0.2,1400,0.2,1
3,7,655,2,10,5,0,500,0.6,1000,0.2,1400,0.2,1
3,8,488,0,0,500,0.6,1000,0.2,1400,0.2,0
4,0,415,1,0,500,0.6,1000,0.2,1400,0.2,2
4,1,658,1,0,300,0.5,1700,0.5,0
4,2,491,2,10,5,0,500,0.6,1000,0.2,1400,0.2,1
4,3,142,1,0,500,0.6,1000,0.2,1400,0.2,0
4,4,872,2,10,5,0,500,0.6,1000,0.2,1400,0.2,1
4,5,519,2,10,5,0,300,0.5,1700,0.5,1
4,6,432,2,10,5,0,500,0.6,1000,0.2,1400,0.2,0
4,7,780,0,0,500,0.6,1000,0.2,1400,0.2,2
4,8,911,0,0,500,0.6,1000,0.2,1400,0.2,0
5,0,120,2,10,5,0,500,0.6,1000,0.2,1400,0.2,0
5,1,518,1,0,500,0.6,1000,0.2,1400,0.2,1
5,2,923,0,0,500,0.6,1000,0.2,1400,0.2,2
5,3,217,0,0,300,0.5,1700,0.5,1
5,4,682,0,0,300,0.5,1700,0.5,0
5,5,16,2,10,5,0,500,0.6,1000,0.2,1400,0.2,1
5,6,620,1,0,500,0.6,1000,0.2,1400,0.2,0
5,7,588,0,0,500,0.6,1000,0.2,1400,0.2,0
5,8,290,0,0,500,0.6,1000,0.2,1400,0.2,2
6,0,573,1,0,300,0.5,1700,0.5,1
6,1,512,2,10,5,0,300,0.5,1700,0.5,0
6,2,142,2,10,5,0,500,0.6,1000,0.2,1400,0.2,2
6,3,600,0,0,500,0.6,1000,0.2,1400,0.2,2
6,4,516,2,10,5,0,500,0.6,1000,0.2,1400,0.2,0
6,5,33,2,10,5,0,500,0.6,1000,0.2,1400,0.2,2
6,6,81,1,0,500,0.6,1000,0.2,1400,0.2,1
6,7,448,1,0,500,0.6,1000,0.2,1400,0.2,0
6,8,248,2,10,5,0,500,0.6,1000,0.2,1400,0.2,2
7,0,273,1,0,500,0.6,1000,0.2,1400,0.2,0
7,1,462,2,10,5,0,300,0.5,1700,0.5,2
7,2,742,2,10,5,0,300,0.5,1700,0.5,1
7,3,806,0,0,300,0.5,1700,0.5,0
7,4,782,2,10,5,0,300,0.5,1700,0.5,2
7,5,651,2,10,5,0,300,0.5,1700,0.5,1
7,6,997,0,0,500,0.6,1000,0.2,1400,0.2,1
7,7,672,0,0,300,0.5,1700,0.5,2
7,8,892,1,0,500,0.6,1000,0.2,1400,0.2,1
8,0,258,0,0,300,0.5,1700,0.5,0
8,1,242,2,10,5,0,300,0.5,1700,0.5,0
8,2,469,2,10,5,0,500,0.6,1000,0.2,1400,0.2,2
8,3,940,0,0,500,0.6,1000,0.2,1400,0.2,0
8,4,492,0,0,500,0.6,1000,0.2,1400,0.2,1
8,5,67,1,0,500,0.6,1000,0.2,1400,0.2,1
8,6,562,0,0,500,0.6,1000,0.2,1400,0.2,0
8,7,651,2,10,5,0,300,0.5,1700,0.5,1
8,8,608,1,0,300,0.5,1700,0.5,0
