0,0,933,0,0,300,0.5,1700,0.5,2
0,1,473,2,10,5,0,500,0.6,1000,0.2,1400,0.2,1
0,2,416,2,10,5,0,300,0.5,1700,0.5,2
0,3,128,0,0,500,0.6,1000,0.2,1400,0.2,2
0,4,151,0,0,300,0.5,1700,0.5,2
0,5,521,0,0,500,0.6,1000,0.2,1400,0.2,2
0,6,391,0,0,500,0.6,1000,0.2,1400,0.2,2
0,7,806,1,0,500,0.6,1000,0.2,1400,0.2,1
0,8,29,1,0,300,0.5,1700,0.5,0
1,0,492,2,10,5,0,500,0.6,1000,0.2,1400,0.2,1
1,1,388,1,0,300,0.5,1700,0.5,1
1,2,360,0,0,500,0.6,1000,0.2,1400,0.2,2
1,3,590,2,10,5,0,500,0.6,1000,0.2,1400,0.2,1
1,4,102,0,0,300,0.5,1700,0.5,2
1,5,289,0,0,500,0.6,1000,0.2,1400,0.2,1
1,6,195,0,0,300,0.5,1700,0.5,0
1,7,86,2,10,5,0,300,0.5,1700,0.5,1
1,8,868,1,0,500,0.6,1000,0.2,1400,0.2,2
2,0,540,1,0,300,0.5,1700,0.5,0
2,1,258,1,0,500,0.6,1000,0.2,1400,0.2,1
2,2,207,1,0,300,0.5,1700,0.5,0
2,3,910,1,0,500,0.6,1000,0.2,1400,0.2,2
2,4,982,2,10,5,0,500,0.6,1000,0.2,1400,0.2,2
2,5,201,1,0,300,0.5,1700,0.5,0
2,6,467,2,10,5,0,500,0.6,1000,0.2,1400,0.2,0
2,7,38,1,0,300,0.5,1700,0.5,0
2,8,124,1,0,500,0.6,1000,0.2,1400,0.2,2
3,0,696,2,10,5,0,300,0.5,1700,0.5,0
3,1,766,2,10,5,0,300,0.5,1700,0.5,2
3,2,512,2,10,5,0,500,0.6,1000,0.2,1400,0.2,0
3,3,518,2,10,5,0,300,0.5,1700,0.5,1
3,4,667,2,10,5,0,500,0.6,1000,0.2,1400,0.2,0
3,5,452,1,0,500,0.6,1000,0.2,1400,0.2,1
3,6,870,2,10,5,0,500,0.6,1000,0.2,1400,0.2,0
3,7,278,2,10,5,0,500,0.6,1000,0.2,1400,0.2,1
3,8,260,2,10,5,0,500,0.6,1000,0.2,1400,0.2,1
4,0,406,1,0,500,0.6,1000,0.2,1400,0.2,1
4,1,456,1,0,500,0.6,1000,0.2,1400,0.2,0
4,2,91,1,0,300,0.5,1700,0.5,2
4,3,348,0,0,500,0.6,1000,0.2,1400,0.2,1
4,4,521,2,10,5,0,500,0.6,1000,0.2,1400,0.2,2
4,5,1000,2,10,5,0,500,0.6,1000,0.2,1400,0.2,2
4,6,837,2,10,5,0,500,0.6,1000,0.2,1400,0.2,0
4,7,95,0,0,500,0.6,1000,0.2,1400,0.2,2
4,8,422,2,10,5,0,500,0.6,1000,0.2,1400,0.2,0
5,0,308,0,0,300,0.5,1700,0.5,0
5,1,726,0,0,300,0.5,1700,0.5,1
5,2,460,2,10,5,0,500,0.6,1000,0.2,1400,0.2,2
5,3,280,0,0,300,0.5,1700,0.5,2
5,4,102,0,0,500,0.6,1000,0.2,1400,0.2,2
5,5,35,0,0,300,0.5,1700,0.5,2
5,6,853,0,0,500,0.6,1000,0.2,1400,0.2,2
5,7,734,1,0,300,0.5,1700,0.5,1
5,8,976,1,0,500,0.6,1000,0.2,1400,0.2,0
6,0,187,2,10,5,0,500,0.6,1000,0.2,1400,0.2,0
6,1,852,0,0,500,0.6,1000,0.2,1400,0.2,1
6,2,349,1,0,500,0.6,1000,0.2,1400,0.2,2
6,3,107,0,0,500,0.6,1000,0.2,1400,0.2,2
6,4,900,2,10,5,0,300,0.5,1700,0.5,0
6,5,82,0,0,300,0.5,1700,0.5,0
6,6,85,2,10,5,0,500,0.6,1000,0.2,1400,0.2,2
6,7,726,2,10,5,0,500,0.6,1000,0.2,1400,0.2,0
6,8,126,2,10,5,0,300,0.5,1700,0.5,0
7,0,42,2,10,5,0,500,0.6,1000,0.2,1400,0.2,1
7,1,367,0,0,500,0.6,1000,0.2,1400,0.2,1
7,2,81,1,0,300,0.5,1700,0.5,1
7,3,197,0,0,300,0.5,1700,0.5,2
7,4,171,2,10,5,0,300,0.5,1700,0.5,1
7,5,740,0,0,300,0.5,1700,0.5,2
7,6,127,1,0,500,0.6,1000,0.2,1400,0.2,1
7,7,793,2,10,5,0,500,0.6,1000,0.2,1400,0.2,1
7,8,94,1,0,500,0.6,1000,0.2,1400,0.2,2
8,0,887,0,0,300,0.5,1700,0.5,1
8,1,586,1,0,500,0.6,1000,0.2,1400,0.2,2
8,2,677,1,0,500,0.6,1000,0.2,1400,0.2,0
8,3,883,0,0,300,0.5,1700,0.5,2
8,4,24,1,0,300,0.5,1700,0.5,0
8,5,170,2,10,5,0,300,0.5,1700,0.5,1
8,6,674,1,0,500,0.6,1000,0.2,1400,0.2,1
8,7,390,2,10,5,0,500,0.6,1000,0.2,1400,0.2,1
8,8,862,2,10,5,0,500,0.6,1000,0.2,1400,0.2,0
