0,0,173,2,10,5,0,500,0.6,1000,0.2,1400,0.2,2
0,1,130,0,0,500,0.6,1000,0.2,1400,0.2,1
0,2,692,1,0,300,0.5,1700,0.5,1
0,3,874,0,0,300,0.5,1700,0.5,0
0,4,432,1,0,500,0.6,1000,0.2,1400,0.2,0
0,5,875,0,0,300,0.5,1700,0.5,1
0,6,233,1,0,500,0.6,1000,0.2,1400,0.2,1
0,7,274,0,0,300,0.5,1700,0.5,2
0,8,642,2,10,5,0,300,0.5,1700,0.5,1
1,0,642,1,0,500,0.6,1000,0.2,1400,0.2,2
1,1,482,2,10,5,0,300,0.5,1700,0.5,1
1,2,737,1,0,500,0.6,1000,0.2,1400,0.2,2
1,3,502,2,10,5,0,500,0.6,1000,0.2,1400,0.2,1
1,4,468,2,10,5,0,300,0.5,1700,0.5,0
1,5,764,2,10,5,0,300,0.5,1700,0.5,1
1,6,165,0,0,300,0.5,1700,0.5,2
1,7,217,0,0,300,0.5,1700,0.5,1
1,8,722,2,10,5,0,500,0.6,1000,0.2,1400,0.2,2
2,0,462,0,0,300,0.5,1700,0.5,0
2,1,497,2,10,5,0,500,0.6,1000,0.2,1400,0.2,2
2,2,27,1,0,300,0.5,1700,0.5,0
2,3,281,1,0,300,0.5,1700,0.5,1
2,4,193,0,0,300,0.5,1700,0.5,2
2,5,918,1,0,300,0.5,1700,0.5,2
2,6,783,2,10,5,0,500,0.6,1000,0.2,1400,0.2,2
2,7,687,0,0,300,0.5,1700,0.5,1
2,8,719,0,0,500,0.6,1000,0.2,1400,0.2,0
3,0,918,0,0,300,0.5,1700,0.5,0
3,1,709,1,0,300,0.5,1700,0.5,1
3,2,409,1,0,300,0.5,1700,0.5,1
3,3,432,0,0,500,0.6,1000,0.2,1400,0.2,0
3,4,572,0,0,500,0.6,1000,0.2,1400,0.2,1
3,5,375,0,0,300,0.5,1700,0.5,2
3,6,25,0,0,500,0.6,1000,0.2,1400,0.2,1
3,7,800,0,0,500,0.6,1000,0.2,1400,0.2,1
3,8,784,1,0,300,0.5,1700,0.5,0
4,0,400,2,10,5,0,300,0.5,1700,0.5,1
4,1,254,2,10,5,0,300,0.5,1700,0.5,0
4,2,19,0,0,500,0.6,1000,0.2,1400,0.2,0
4,3,291,1,0,300,0.5,1700,0.5,2
4,4,288,2,10,5,0,300,0.5,1700,0.5,2
4,5,995,1,0,300,0.5,1700,0.5,0
4,6,361,2,10,5,0,300,0.5,1700,0.5,1
4,7,906,0,0,500,0.6,1000,0.2,1400,0.2,2
4,8,109,2,10,5,0,500,0.6,1000,0.2,1400,0.2,2
5,0,970,0,0,300,0.5,1700,0.5,0
5,1,365,2,10,5,0,300,0.5,1700,0.5,1
5,2,865,2,10,5,0,300,0.5,1700,0.5,0
5,3,125,2,10,5,0,500,0.6,1000,0.2,1400,0.2,1
5,4,28,2,10,5,0,500,0.6,1000,0.2,1400,0.2,1
5,5,488,1,0,500,0.6,1000,0.2,1400,0.2,2
5,6,800,0,0,300,0.5,1700,0.5,1
5,7,681,0,0,300,0.5,1700,0.5,0
5,8,917,2,10,5,0,300,0.5,1700,0.5,1
6,0,959,2,10,5,0,500,0.6,1000,0.2,1400,0.2,0
6,1,38,2,10,5,0,300,0.5,1700,0.5,1
6,2,486,1,0,300,0.5,1700,0.5,1
6,3,537,1,0,500,0.6,1000,0.2,1400,0.2,2
6,4,959,2,10,5,0,500,0.6,1000,0.2,1400,0.2,1
6,5,462,1,0,300,0.5,1700,0.5,1
6,6,203,0,0,300,0.5,1700,0.5,0
6,7,109,1,0,300,0.5,1700,0.5,2
6,8,367,1,0,300,0.5,1700,0.5,0
7,0,332,0,0,500,0.6,1000,0.2,1400,0.2,2
7,1,879,0,0,300,0.5,1700,0.5,0
7,2,480,1,0,300,0.5,1700,0.5,0
7,3,820,1,0,300,0.5,1700,0.5,0
7,4,231,2,10,5,0,300,0.5,1700,0.5,0
7,5,97,1,0,300,0.5,1700,0.5,2
7,6,755,2,10,5,0,500,0.6,1000,0.2,1400,0.2,2
7,7,423,2,10,5,0,300,0.5,1700,0.5,2
7,8,655,0,0,500,0.6,1000,0.2,1400,0.2,0
8,0,166,2,10,5,0,300,0.5,1700,0.5,2
8,1,774,2,10,5,0,300,0.5,1700,0.5,1
8,2,372,2,10,5,0,500,0.6,1000,0.2,1400,0.2,2
8,3,351,2,10,5,0,500,0.6,1000,0.2,1400,0.2,0
8,4,349,0,0,500,0.6,1000,0.2,1400,0.2,2
8,5,407,1,0,300,0.5,1700,0.5,0
8,6,903,0,0,300,0.5,1700,0.5,1
8,7,387,1,0,300,0.5,1700,0.5,2
8,8,481,0,0,300,0.5,1700,0.5,1
