0,0,371,1,0,300,0.5,1700,0.5,2
0,1,706,2,10,5,0,300,0.5,1700,0.5,0
0,2,609,2,10,5,0,300,0.5,1700,0.5,0
0,3,901,1,0,500,0.6,1000,0.2,1400,0.2,2
0,4,769,1,0,500,0.6,1000,0.2,1400,0.2,0
0,5,907,2,10,5,0,300,0.5,1700,0.5,1
0,6,263,2,10,5,0,300,0.5,1700,0.5,2
0,7,198,2,10,5,0,300,0.5,1700,0.5,0
0,8,901,0,0,500,0.6,1000,0.2,1400,0.2,0
1,0,475,0,0,500,0.6,1000,0.2,1400,0.2,2
1,1,956,1,0,500,0.6,1000,0.2,1400,0.2,1
1,2,17,2,10,5,0,300,0.5,1700,0.5,0
1,3,162,1,0,300,0.5,1700,0.5,2
1,4,508,0,0,500,0.6,1000,0.2,1400,0.2,0
1,5,761,2,10,5,0,300,0.5,1700,0.5,2
1,6,994,2,10,5,0,500,0.6,1000,0.2,1400,0.2,0
1,7,628,0,0,500,0.6,1000,0.2,1400,0.2,1
1,8,393,1,0,500,0.6,1000,0.2,1400,0.2,1
2,0,204,1,0,500,0.6,1000,0.2,1400,0.2,1
2,1,276,2,10,5,0,500,0.6,1000,0.2,1400,0.2,0
2,2,294,0,0,500,0.6,1000,0.2,1400,0.2,2
2,3,26,1,0,300,0.5,1700,0.5,2
2,4,395,0,0,300,0.5,1700,0.5,0
2,5,772,2,10,5,0,300,0.5,1700,0.5,0
2,6,246,0,0,300,0.5,1700,0.5,2
2,7,839,0,0,500,0.6,1000,0.2,1400,0.2,1
2,8,721,1,0,500,0.6,1000,0.2,1400,0.2,1
3,0,289,2,10,5,0,500,0.6,1000,0.2,1400,0.2,0
3,1,813,2,10,5,0,300,0.5,1700,0.5,0
3,2,84,1,0,500,0.6,1000,0.2,1400,0.2,0
3,3,809,2,10,5,0,300,0.5,1700,0.5,1
3,4,20,0,0,500,0.6,1000,0.2,1400,0.2,1
3,5,543,2,10,5,0,500,0.6,1000,0.2,1400,0.2,1
3,6,294,1,0,300,0.5,1700,0.5,1
3,7,786,0,0,300,0.5,1700,0.5,2
3,8,510,1,0,500,0.6,1000,0.2,1400,0.2,0
4,0,826,1,0,300,0.5,1700,0.5,1
4,1,479,1,0,300,0.5,1700,0.5,1
4,2,677,0,0,300,0.5,1700,0.5,0
4,3,365,1,0,500,0.6,1000,0.2,1400,0.2,1
4,4,517,1,0,500,0.6,1000,0.2,1400,0.2,2
4,5,21,2,10,5,0,500,0.6,1000,0.2,1400,0.2,2
4,6,328,2,10,5,0,300,0.5,1700,0.5,0
4,7,230,2,10,5,0,500,0.6,1000,0.2,1400,0.2,1
4,8,559,0,0,500,0.6,1000,0.2,1400,0.2,0
5,0,709,0,0,300,0.5,1700,0.5,1
5,1,959,2,10,5,0,300,0.5,1700,0.5,2
5,2,859,1,0,500,0.6,1000,0.2,1400,0.2,2
5,3,154,2,10,5,0,500,0.6,1000,0.2,1400,0.2,0
5,4,786,1,0,300,0.5,1700,0.5,0
5,5,407,1,0,500,0.6,1000,0.2,1400,0.2,0
5,6,193,2,10,5,0,300,0.5,1700,0.5,0
5,7,279,1,0,300,0.5,1700,0.5,0
5,8,972,2,10,5,0,300,0.5,1700,0.5,0
6,0,777,2,10,5,0,300,0.5,1700,0.5,2
6,1,133,0,0,300,0.5,1700,0.5,2
6,2,135,0,0,500,0.6,1000,0.2,1400,0.2,1
6,3,365,1,0,500,0.6,1000,0.2,1400,0.2,1
6,4,897,2,10,5,0,300,0.5,1700,0.5,1
6,5,442,1,0,300,0.5,1700,0.5,2
6,6,802,1,0,300,0.5,1700,0.5,1
6,7,788,0,0,500,0.6,1000,0.2,1400,0.2,0
6,8,267,2,10,5,0,500,0.6,1000,0.2,1400,0.2,2
7,0,959,2,10,5,0,300,0.5,1700,0.5,1
7,1,562,0,0,300,0.5,1700,0.5,0
7,2,840,1,0,300,0.5,1700,0.5,0
7,3,218,0,0,500,0.6,1000,0.2,1400,0.2,2
7,4,442,0,0,500,0.6,1000,0.2,1400,0.2,2
7,5,161,2,10,5,0,300,0.5,1700,0.5,0
7,6,10,1,0,500,0.6,1000,0.2,1400,0.2,0
7,7,413,1,0,500,0.6,1000,0.2,1400,0.2,0
7,8,774,2,10,5,0,300,0.5,1700,0.5,1
8,0,127,1,0,500,0.6,1000,0.2,1400,0.2,1
8,1,748,2,10,5,0,500,0.6,1000,0.2,1400,0.2,2
8,2,969,1,0,500,0.6,1000,0.2,1400,0.2,1
8,3,854,2,10,5,0,300,0.5,1700,0.5,1
8,4,765,0,0,500,0.6,1000,0.2,1400,0.2,0
8,5,680,1,0,300,0.5,1700,0.5,1
8,6,635,0,0,300,0.5,1700,0.5,1
8,7,658,2,10,5,0,300,0.5,1700,0.5,2
8,8,551,1,0,500,0.6,1000,0.2,1400,0.2,1
