0,0,170,1,0,300,0.5,1700,0.5,1
0,1,775,2,10,5,0,500,0.6,1000,0.2,1400,0.2,0
0,2,658,1,0,300,0.5,1700,0.5,2
0,3,816,1,0,500,0.6,1000,0.2,1400,0.2,1
0,4,957,1,0,500,0.6,1000,0.2,1400,0.2,1
0,5,454,2,10,5,0,500,0.6,1000,0.2,1400,0.2,2
0,6,448,1,0,300,0.5,1700,0.5,2
0,7,135,1,0,300,0.5,1700,0.5,0
0,8,799,0,0,500,0.6,1000,0.2,1400,0.2,2
1,0,868,0,0,300,0.5,1700,0.5,2
1,1,403,0,0,500,0.6,1000,0.2,1400,0.2,1
1,2,319,1,0,500,0.6,1000,0.2,1400,0.2,1
1,3,636,2,10,5,0,300,0.5,1700,0.5,2
1,4,477,2,10,5,0,300,0.5,1700,0.5,1
1,5,906,2,10,5,0,500,0.6,1000,0.2,1400,0.2,1
1,6,565,0,0,500,0.6,1000,0.2,1400,0.2,0
1,7,192,0,0,300,0.5,1700,0.5,0
1,8,801,2,10,5,0,500,0.6,1000,0.2,1400,0.2,1
2,0,881,0,0,300,0.5,1700,0.5,2
2,1,503,0,0,500,0.6,1000,0.2,1400,0.2,1
2,2,807,0,0,500,0.6,1000,0.2,1400,0.2,2
2,3,893,0,0,500,0.6,1000,0.2,1400,0.2,0
2,4,650,2,10,5,0,500,0.6,1000,0.2,1400,0.2,2
2,5,598,1,0,500,0.6,1000,0.2,1400,0.2,2
2,6,374,1,0,500,0.6,1000,0.2,1400,0.2,0
2,7,765,2,10,5,0,300,0.5,1700,0.5,0
2,8,822,1,0,500,0.6,1000,0.2,1400,0.2,1
3,0,77,1,0,300,0.5,1700,0.5,1
3,1,757,0,0,500,0.6,1000,0.2,1400,0.2,1
3,2,276,1,0,300,0.5,1700,0.5,2
3,3,768,2,10,5,0,300,0.5,1700,0.5,0
3,4,952,0,0,300,0.5,1700,0.5,0
3,5,187,1,0,500,0.6,1000,0.2,1400,0.2,2
3,6,418,1,0,500,0.6,1000,0.2,1400,0.2,0
3,7,848,2,10,5,0,500,0.6,1000,0.2,1400,0.2,2
3,8,656,1,0,500,0.6,1000,0.2,1400,0.2,0
4,0,745,2,10,5,0,500,0.6,1000,0.2,1400,0.2,0
4,1,686,0,0,300,0.5,1700,0.5,0
4,2,957,0,0,300,0.5,1700,0.5,1
4,3,882,1,0,300,0.5,1700,0.5,1
4,4,860,0,0,300,0.5,1700,0.5,0
4,5,848,2,10,5,0,300,0.5,1700,0.5,0
4,6,602,2,10,5,0,300,0.5,1700,0.5,1
4,7,340,0,0,500,0.6,1000,0.2,1400,0.2,1
4,8,441,2,10,5,0,300,0.5,1700,0.5,1
5,0,945,1,0,300,0.5,1700,0.5,2
5,1,477,1,0,500,0.6,1000,0.2,1400,0.2,2
5,2,98,2,10,5,0,300,0.5,1700,0.5,0
5,3,50,0,0,300,0.5,1700,0.5,0
5,4,632,1,0,500,0.6,1000,0.2,1400,0.2,0
5,5,98,2,10,5,0,300,0.5,1700,0.5,2
5,6,425,0,0,300,0.5,1700,0.5,2
5,7,692,2,10,5,0,500,0.6,1000,0.2,1400,0.2,2
5,8,512,2,10,5,0,300,0.5,1700,0.5,2
6,0,282,0,0,500,0.6,1000,0.2,1400,0.2,2
6,1,827,0,0,500,0.6,1000,0.2,1400,0.2,1
6,2,176,0,0,500,0.6,1000,0.2,1400,0.2,1
6,3,916,1,0,300,0.5,1700,0.5,2
6,4,372,1,0,500,0.6,1000,0.2,1400,0.2,1
6,5,623,1,0,500,0.6,1000,0.2,1400,0.2,1
6,6,804,0,0,500,0.6,1000,0.2,1400,0.2,1
6,7,961,1,0,500,0.6,1000,0.2,1400,0.2,0
6,8,379,2,10,5,0,300,0.5,1700,0.5,2
7,0,323,2,10,5,0,300,0.5,1700,0.5,0
7,1,139,0,0,300,0.5,1700,0.5,2
7,2,558,1,0,500,0.6,1000,0.2,1400,0.2,0
7,3,78,0,0,300,0.5,1700,0.5,0
7,4,480,1,0,300,0.5,1700,0.5,0
7,5,712,0,0,500,0.6,1000,0.2,1400,0.2,2
7,6,805,2,10,5,0,500,0.6,1000,0.2,1400,0.2,1
7,7,434,0,0,300,0.5,1700,0.5,2
7,8,726,2,10,5,0,500,0.6,1000,0.2,1400,0.2,2
8,0,51,2,10,5,0,500,0.6,1000,0.2,1400,0.2,2
8,1,473,0,0,500,0.6,1000,0.2,1400,0.2,1
8,2,47,0,0,500,0.6,1000,0.2,1400,0.2,2
8,3,909,0,0,500,0.6,1000,0.2,1400,0.2,2
8,4,79,2,10,5,0,500,0.6,1000,0.2,1400,0.2,1
8,5,657,2,10,5,0,500,0.6,1000,0.2,1400,0.2,2
8,6,659,0,0,300,0.5,1700,0.5,2
8,7,438,2,10,5,0,300,0.5,1700,0.5,1
8,8,24,0,0,300,0.5,1700,0.5,2
