0,0,957,0,0,500,0.6,1000,0.2,1400,0.2,1
0,1,973,2,10,5,0,500,0.6,1000,0.2,1400,0.2,2
0,2,742,0,0,300,0.5,1700,0.5,1
0,3,319,2,10,5,0,500,0.6,1000,0.2,1400,0.2,0
0,4,560,0,0,500,0.6,1000,0.2,1400,0.2,2
0,5,602,1,0,300,0.5,1700,0.5,0
0,6,896,2,10,5,0,500,0.6,1000,0.2,1400,0.2,0
0,7,820,0,0,500,0.6,1000,0.2,1400,0.2,1
0,8,388,0,0,500,0.6,1000,0.2,1400,0.2,1
1,0,79,2,10,5,0,300,0.5,1700,0.5,2
1,1,792,2,10,5,0,300,0.5,1700,0.5,0
1,2,886,2,10,5,0,300,0.5,1700,0.5,2
1,3,196,2,10,5,0,300,0.5,1700,0.5,1
1,4,804,0,0,500,0.6,1000,0.2,1400,0.2,2
1,5,38,0,0,300,0.5,1700,0.5,1
1,6,993,2,10,5,0,300,0.5,1700,0.5,1
1,7,697,1,0,500,0.6,1000,0.2,1400,0.2,2
1,8,767,2,10,5,0,300,0.5,1700,0.5,0
2,0,166,2,10,5,0,500,0.6,1000,0.2,1400,0.2,0
2,1,641,1,0,500,0.6,1000,0.2,1400,0.2,1
2,2,623,2,10,5,0,300,0.5,1700,0.5,1
2,3,338,2,10,5,0,500,0.6,1000,0.2,1400,0.2,0
2,4,912,2,10,5,0,300,0.5,1700,0.5,1
2,5,418,1,0,500,0.6,1000,0.2,1400,0.2,2
2,6,408,0,0,300,0.5,1700,0.5,0
2,7,197,1,0,300,0.5,1700,0.5,0
2,8,730,2,10,5,0,500,0.6,1000,0.2,1400,0.2,1
3,0,57,2,10,5,0,300,0.5,1700,0.5,2
3,1,606,1,0,500,0.6,1000,0.2,1400,0.2,1
3,2,501,1,0,300,0.5,1700,0.5,2
3,3,10,2,10,5,0,300,0.5,1700,0.5,0
3,4,434,0,0,300,0.5,1700,0.5,0
3,5,115,0,0,500,0.6,1000,0.2,1400,0.2,1
3,6,178,0,0,500,0.6,1000,0.2,1400,0.2,0
3,7,871,1,0,300,0.5,1700,0.5,1
3,8,343,2,10,5,0,300,0.5,1700,0.5,0
4,0,830,2,10,5,0,300,0.5,1700,0.5,1
4,1,449,0,0,300,0.5,1700,0.5,1
4,2,123,0,0,300,0.5,1700,0.5,0
4,3,358,0,0,500,0.6,1000,0.2,1400,0.2,0
4,4,224,1,0,300,0.5,1700,0.5,1
4,5,458,1,0,300,0.5,1700,0.5,0
4,6,535,1,0,500,0.6,1000,0.2,1400,0.2,2
4,7,47,0,0,500,0.6,1000,0.2,1400,0.2,2
4,8,878,2,10,5,0,500,0.6,1000,0.2,1400,0.2,0
5,0,123,0,0,300,0.5,1700,0.5,0
5,1,217,1,0,500,0.6,1000,0.2,1400,0.2,2
5,2,429,2,10,5,0,500,0.6,1000,0.2,1400,0.2,1
5,3,803,0,0,500,0.6,1000,0.2,1400,0.2,1
5,4,84,2,10,5,0,500,0.6,1000,0.2,1400,0.2,1
5,5,354,0,0,500,0.6,1000,0.2,1400,0.2,0
5,6,388,0,0,300,0.5,1700,0.5,1
5,7,538,1,0,300,0.5,1700,0.5,2
5,8,650,2,10,5,0,500,0.6,1000,0.2,1400,0.2,2
6,0,471,1,0,500,0.6,1000,0.2,1400,0.2,0
6,1,898,1,0,300,0.5,1700,0.5,0
6,2,861,0,0,500,0.6,1000,0.2,1400,0.2,2
6,3,642,0,0,500,0.6,1000,0.2,1400,0.2,2
6,4,203,1,0,500,0.6,1000,0.2,1400,0.2,1
6,5,593,1,0,300,0.5,1700,0.5,0
6,6,706,2,10,5,0,500,0.6,1000,0.2,1400,0.2,0
6,7,619,2,10,5,0,500,0.6,1000,0.2,1400,0.2,0
6,8,885,2,10,5,0,300,0.5,1700,0.5,2
7,0,882,2,10,5,0,500,0.6,1000,0.2,1400,0.2,2
7,1,192,2,10,5,0,300,0.5,1700,0.5,2
7,2,913,2,10,5,0,500,0.6,1000,0.2,1400,0.2,2
7,3,851,1,0,300,0.5,1700,0.5,2
7,4,580,0,0,300,0.5,1700,0.5,2
7,5,375,1,0,500,0.6,1000,0.2,1400,0.2,0
7,6,817,0,0,300,0.5,1700,0.5,2
7,7,326,1,0,500,0.6,1000,0.2,1400,0.2,2
7,8,834,0,0,500,0.6,1000,0.2,1400,0.2,1
8,0,22,1,0,300,0.5,1700,0.5,2
8,1,731,2,10,5,0,500,0.6,1000,0.2,1400,0.2,2
8,2,356,1,0,500,0.6,1000,0.2,1400,0.2,2
8,3,386,2,10,5,0,500,0.6,1000,0.2,1400,0.2,0
8,4,989,2,10,5,0,500,0.6,1000,0.2,1400,0.2,0
8,5,812,2,10,5,0,300,0.5,1700,0.5,1
8,6,467,0,0,300,0.5,1700,0.5,2
8,7,708,0,0,500,0.6,1000,0.2,1400,0.2,2
8,8,752,2,10,5,0,500,0.6,1000,0.2,1400,0.2,2
