0,0,264,0,0,300,0.5,1700,0.5,1
0,1,885,0,0,300,0.5,1700,0.5,1
0,2,446,0,0,300,0.5,1700,0.5,2
0,3,901,2,10,5,0,300,0.5,1700,0.5,1
0,4,147,2,10,5,0,300,0.5,1700,0.5,1
0,5,187,1,0,500,0.6,1000,0.2,1400,0.2,2
0,6,173,0,0,500,0.6,1000,0.2,1400,0.2,1
0,7,730,0,0,300,0.5,1700,0.5,0
0,8,776,0,0,500,0.6,1000,0.2,1400,0.2,0
1,0,765,1,0,500,0.6,1000,0.2,1400,0.2,1
1,1,800,1,0,300,0.5,1700,0.5,2
1,2,143,0,0,500,0.6,1000,0.2,1400,0.2,1
1,3,932,0,0,500,0.6,1000,0.2,1400,0.2,0
1,4,600,2,10,5,0,500,0.6,1000,0.2,1400,0.2,0
1,5,738,2,10,5,0,300,0.5,1700,0.5,1
1,6,756,1,0,500,0.6,1000,0.2,1400,0.2,0
1,7,939,2,10,5,0,500,0.6,1000,0.2,1400,0.2,1
1,8,453,2,10,5,0,300,0.5,1700,0.5,0
2,0,981,0,0,500,0.6,1000,0.2,1400,0.2,2
2,1,722,0,0,300,0.5,1700,0.5,2
2,2,803,1,0,300,0.5,1700,0.5,0
2,3,764,2,10,5,0,300,0.5,1700,0.5,1
2,4,830,0,0,500,0.6,1000,0.2,1400,0.2,2
2,5,331,0,0,300,0.5,1700,0.5,2
2,6,170,2,10,5,0,500,0.6,1000,0.2,1400,0.2,0
2,7,360,2,10,5,0,300,0.5,1700,0.5,2
2,8,378,0,0,500,0.6,1000,0.2,1400,0.2,2
3,0,156,2,10,5,0,300,0.5,1700,0.5,1
3,1,970,2,10,5,0,300,0.5,1700,0.5,2
3,2,654,0,0,500,0.6,1000,0.2,1400,0.2,1
3,3,96,1,0,500,0.6,1000,0.2,1400,0.2,2
3,4,253,1,0,500,0.6,1000,0.2,1400,0.2,1
3,5,645,2,10,5,0,500,0.6,1000,0.2,1400,0.2,1
3,6,733,2,10,5,0,500,0.6,1000,0.2,1400,0.2,0
3,7,581,1,0,300,0.5,1700,0.5,2
3,8,930,1,0,300,0.5,1700,0.5,1
4,0,537,0,0,300,0.5,1700,0.5,1
4,1,779,1,0,500,0.6,1000,0.2,1400,0.2,1
4,2,203,2,10,5,0,300,0.5,1700,0.5,1
4,3,919,2,10,5,0,300,0.5,1700,0.5,2
4,4,515,2,10,5,0,500,0.6,1000,0.2,1400,0.2,0
4,5,205,2,10,5,0,300,0.5,1700,0.5,1
4,6,908,2,10,5,0,500,0.6,1000,0.2,1400,0.2,1
4,7,638,1,0,500,0.6,1000,0.2,1400,0.2,1
4,8,720,0,0,300,0.5,1700,0.5,2
5,0,263,2,10,5,0,300,0.5,1700,0.5,2
5,1,164,0,0,300,0.5,1700,0.5,0
5,2,491,1,0,300,0.5,1700,0.5,1
5,3,472,0,0,500,0.6,1000,0.2,1400,0.2,2
5,4,896,0,0,300,0.5,1700,0.5,0
5,5,716,2,10,5,0,500,0.6,1000,0.2,1400,0.2,0
5,6,84,1,0,500,0.6,1000,0.2,1400,0.2,1
5,7,952,2,10,5,0,500,0.6,1000,0.2,1400,0.2,1
5,8,26,1,0,500,0.6,1000,0.2,1400,0.2,1
6,0,901,2,10,5,0,500,0.6,1000,0.2,1400,0.2,1
6,1,151,0,0,300,0.5,1700,0.5,0
6,2,365,0,0,300,0.5,1700,0.5,0
6,3,755,0,0,300,0.5,1700,0.5,2
6,4,479,1,0,300,0.5,1700,0.5,1
6,5,651,1,0,300,0.5,1700,0.5,0
6,6,301,0,0,500,0.6,1000,0.2,1400,0.2,2
6,7,945,0,0,300,0.5,1700,0.5,1
6,8,814,2,10,5,0,300,0.5,1700,0.5,0
7,0,221,1,0,300,0.5,1700,0.5,1
7,1,463,2,10,5,0,300,0.5,1700,0.5,0
7,2,676,1,0,500,0.6,1000,0.2,1400,0.2,0
7,3,730,0,0,500,0.6,1000,0.2,1400,0.2,0
7,4,45,0,0,500,0.6,1000,0.2,1400,0.2,2
7,5,540,0,0,500,0.6,1000,0.2,1400,0.2,2
7,6,856,1,0,500,0.6,1000,0.2,1400,0.2,1
7,7,601,1,0,500,0.6,1000,0.2,1400,0.2,1
7,8,807,2,10,5,0,300,0.5,1700,0.5,1
8,0,602,1,0,300,0.5,1700,0.5,0
8,1,457,2,10,5,0,300,0.5,1700,0.5,1
8,2,814,1,0,300,0.5,1700,0.5,1
8,3,309,1,0,500,0.6,1000,0.2,1400,0.2,0
8,4,881,1,0,300,0.5,1700,0.5,1
8,5,193,2,10,5,0,300,0.5,1700,0.5,2
8,6,508,0,0,500,0.6,1000,0.2,1400,0.2,2
8,7,992,2,10,5,0,500,0.6,1000,0.2,1400,0.2,0
8,8,922,0,0,500,0.6,1000,0.2,1400,0.2,0
