0,0,338,0,0,300,0.5,1700,0.5,2
0,1,611,0,0,300,0.5,1700,0.5,2
0,2,432,0,0,300,0.5,1700,0.5,1
0,3,328,2,10,5,0,300,0.5,1700,0.5,2
0,4,790,1,0,500,0.6,1000,0.2,1400,0.2,2
0,5,95,0,0,500,0.6,1000,0.2,1400,0.2,2
0,6,649,2,10,5,0,300,0.5,1700,0.5,1
0,7,863,1,0,300,0.5,1700,0.5,1
0,8,588,1,0,300,0.5,1700,0.5,0
1,0,559,0,0,500,0.6,1000,0.2,1400,0.2,0
1,1,205,0,0,300,0.5,1700,0.5,1
1,2,252,0,0,300,0.5,1700,0.5,2
1,3,815,1,0,500,0.6,1000,0.2,1400,0.2,2
1,4,470,2,10,5,0,500,0.6,1000,0.2,1400,0.2,2
1,5,993,1,0,300,0.5,1700,0.5,0
1,6,821,1,0,300,0.5,1700,0.5,1
1,7,933,2,10,5,0,300,0.5,1700,0.5,2
1,8,978,0,0,300,0.5,1700,0.5,0
2,0,243,2,10,5,0,500,0.6,1000,0.2,1400,0.2,2
2,1,117,1,0,500,0.6,1000,0.2,1400,0.2,2
2,2,376,0,0,300,0.5,1700,0.5,1
2,3,430,0,0,500,0.6,1000,0.2,1400,0.2,1
2,4,116,1,0,500,0.6,1000,0.2,1400,0.2,1
2,5,538,0,0,500,0.6,1000,0.2,1400,0.2,2
2,6,891,1,0,300,0.5,1700,0.5,2
2,7,218,0,0,500,0.6,1000,0.2,1400,0.2,1
2,8,765,0,0,500,0.6,1000,0.2,1400,0.2,1
3,0,467,0,0,500,0.6,1000,0.2,1400,0.2,0
3,1,80,0,0,500,0.6,1000,0.2,1400,0.2,0
3,2,911,1,0,500,0.6,1000,0.2,1400,0.2,1
3,3,584,0,0,300,0.5,1700,0.5,0
3,4,24,2,10,5,0,300,0.5,1700,0.5,2
3,5,472,0,0,300,0.5,1700,0.5,1
3,6,454,2,10,5,0,300,0.5,1700,0.5,0
3,7,810,1,0,300,0.5,1700,0.5,1
3,8,214,2,10,5,0,300,0.5,1700,0.5,0
4,0,642,0,0,300,0.5,1700,0.5,1
4,1,716,2,10,5,0,500,0.6,1000,0.2,1400,0.2,2
4,2,949,2,10,5,0,500,0.6,1000,0.2,1400,0.2,2
4,3,744,0,0,300,0.5,1700,0.5,2
4,4,171,2,10,5,0,300,0.5,1700,0.5,1
4,5,634,2,10,5,0,500,0.6,1000,0.2,1400,0.2,0
4,6,586,1,0,300,0.5,1700,0.5,0
4,7,814,0,0,500,0.6,1000,0.2,1400,0.2,1
4,8,520,2,10,5,0,300,0.5,1700,0.5,2
5,0,729,0,0,300,0.5,1700,0.5,2
5,1,234,1,0,500,0.6,1000,0.2,1400,0.2,0
5,2,999,1,0,300,0.5,1700,0.5,1
5,3,97,1,0,300,0.5,1700,0.5,0
5,4,490,2,10,5,0,500,0.6,1000,0.2,1400,0.2,2
5,5,622,2,10,5,0,500,0.6,1000,0.2,1400,0.2,1
5,6,365,2,10,5,0,300,0.5,1700,0.5,1
5,7,342,2,10,5,0,500,0.6,1000,0.2,1400,0.2,2
5,8,723,0,0,500,0.6,1000,0.2,1400,0.2,2
6,0,536,1,0,500,0.6,1000,0.2,1400,0.2,0
6,1,137,1,0,300,0.5,1700,0.5,2
6,2,592,2,10,5,0,500,0.6,1000,0.2,1400,0.2,0
6,3,212,1,0,300,0.5,1700,0.5,1
6,4,453,1,0,500,0.6,1000,0.2,1400,0.2,1
6,5,762,1,0,300,0.5,1700,0.5,1
6,6,584,2,10,5,0,500,0.6,1000,0.2,1400,0.2,0
6,7,994,2,10,5,0,300,0.5,1700,0.5,0
6,8,778,0,0,500,0.6,1000,0.2,1400,0.2,2
7,0,627,1,0,300,0.5,1700,0.5,1
7,1,658,1,0,500,0.6,1000,0.2,1400,0.2,0
7,2,909,1,0,300,0.5,1700,0.5,0
7,3,35,1,0,300,0.5,1700,0.5,2
7,4,535,2,10,5,0,500,0.6,1000,0.2,1400,0.2,1
7,5,296,2,10,5,0,300,0.5,1700,0.5,1
7,6,708,1,0,500,0.6,1000,0.2,1400,0.2,2
7,7,524,2,10,5,0,300,0.5,1700,0.5,0
7,8,551,0,0,300,0.5,1700,0.5,2
8,0,884,0,0,500,0.6,1000,0.2,1400,0.2,2
8,1,251,0,0,500,0.6,1000,0.2,1400,0.2,2
8,2,405,2,10,5,0,300,0.5,1700,0.5,0
8,3,79,2,10,5,0,300,0.5,1700,0.5,2
8,4,748,1,0,500,0.6,1000,0.2,1400,0.2,1
8,5,448,1,0,300,0.5,1700,0.5,2
8,6,617,0,0,500,0.6,1000,0.2,1400,0.2,2
8,7,137,0,0,500,0.6,1000,0.2,1400,0.2,2
8,8,381,0,0,300,0.5,1700,0.5,2
