0,0,340,2,10,5,0,500,0.6,1000,0.2,1400,0.2,0
0,1,858,2,10,5,0,300,0.5,1700,0.5,2
0,2,216,2,10,5,0,300,0.5,1700,0.5,1
0,3,781,2,10,5,0,500,0.6,1000,0.2,1400,0.2,1
0,4,178,2,10,5,0,300,0.5,1700,0.5,1
0,5,511,0,0,500,0.6,1000,0.2,1400,0.2,2
0,6,88,0,0,500,0.6,1000,0.2,1400,0.2,2
0,7,366,1,0,500,0.6,1000,0.2,1400,0.2,2
0,8,753,0,0,500,0.6,1000,0.2,1400,0.2,2
1,0,137,0,0,300,0.5,1700,0.5,0
1,1,117,0,0,300,0.5,1700,0.5,2
1,2,108,2,10,5,0,500,0.6,1000,0.2,1400,0.2,2
1,3,862,2,10,5,0,500,0.6,1000,0.2,1400,0.2,2
1,4,947,0,0,500,0.6,1000,0.2,1400,0.2,2
1,5,539,2,10,5,0,500,0.6,1000,0.2,1400,0.2,1
1,6,631,2,10,5,0,500,0.6,1000,0.2,1400,0.2,2
1,7,233,0,0,500,0.6,1000,0.2,1400,0.2,0
1,8,981,2,10,5,0,300,0.5,1700,0.5,0
2,0,235,2,10,5,0,500,0.6,1000,0.2,1400,0.2,1
2,1,335,0,0,300,0.5,1700,0.5,2
2,2,259,0,0,300,0.5,1700,0.5,2
2,3,770,1,0,500,0.6,1000,0.2,1400,0.2,2
2,4,396,1,0,300,0.5,1700,0.5,2
2,5,498,2,10,5,0,300,0.5,1700,0.5,2
2,6,981,1,0,300,0.5,1700,0.5,0
2,7,123,2,10,5,0,300,0.5,1700,0.5,0
2,8,870,0,0,500,0.6,1000,0.2,1400,0.2,0
3,0,325,0,0,300,0.5,1700,0.5,0
3,1,962,1,0,300,0.5,1700,0.5,2
3,2,426,1,0,300,0.5,1700,0.5,1
3,3,931,1,0,300,0.5,1700,0.5,2
3,4,996,0,0,300,0.5,1700,0.5,2
3,5,550,1,0,500,0.6,1000,0.2,1400,0.2,2
3,6,632,1,0,500,0.6,1000,0.2,1400,0.2,2
3,7,469,1,0,300,0.5,1700,0.5,0
3,8,324,1,0,500,0.6,1000,0.2,1400,0.2,2
4,0,356,0,0,300,0.5,1700,0.5,2
4,1,781,2,10,5,0,300,0.5,1700,0.5,1
4,2,272,2,10,5,0,300,0.5,1700,0.5,2
4,3,580,2,10,5,0,500,0.6,1000,0.2,1400,0.2,2
4,4,634,0,0,500,0.6,1000,0.2,1400,0.2,1
4,5,653,2,10,5,0,500,0.6,1000,0.2,1400,0.2,1
4,6,683,1,0,500,0.6,1000,0.2,1400,0.2,0
4,7,889,2,10,5,0,500,0.6,1000,0.2,1400,0.2,2
4,8,551,0,0,500,0.6,1000,0.2,1400,0.2,2
5,0,997,0,0,300,0.5,1700,0.5,1
5,1,802,1,0,300,0.5,1700,0.5,1
5,2,932,2,10,5,0,500,0.6,1000,0.2,1400,0.2,1
5,3,344,0,0,500,0.6,1000,0.2,1400,0.2,1
5,4,326,2,10,5,0,300,0.5,1700,0.5,0
5,5,233,1,0,300,0.5,1700,0.5,0
5,6,233,1,0,300,0.5,1700,0.5,0
5,7,774,0,0,500,0.6,1000,0.2,1400,0.2,1
5,8,164,0,0,500,0.6,1000,0.2,1400,0.2,2
6,0,602,0,0,300,0.5,1700,0.5,2
6,1,332,1,0,300,0.5,1700,0.5,2
6,2,815,2,10,5,0,500,0.6,1000,0.2,1400,0.2,2
6,3,603,2,10,5,0,500,0.6,1000,0.2,1400,0.2,2
6,4,161,0,0,500,0.6,1000,0.2,1400,0.2,1
6,5,626,2,10,5,0,300,0.5,1700,0.5,2
6,6,431,0,0,500,0.6,1000,0.2,1400,0.2,1
6,7,537,2,10,5,0,300,0.5,1700,0.5,2
6,8,22,2,10,5,0,300,0.5,1700,0.5,1
7,0,394,2,10,5,0,500,0.6,1000,0.2,1400,0.2,1
7,1,767,0,0,500,0.6,1000,0.2,1400,0.2,2
7,2,247,0,0,500,0.6,1000,0.2,1400,0.2,0
7,3,894,0,0,300,0.5,1700,0.5,0
7,4,141,2,10,5,0,500,0.6,1000,0.2,1400,0.2,0
7,5,57,1,0,500,0.6,1000,0.2,1400,0.2,0
7,6,730,2,10,5,0,500,0.6,1000,0.2,1400,0.2,2
7,7,172,2,10,5,0,500,0.6,1000,0.2,1400,0.2,2
7,8,442,2,10,5,0,500,0.6,1000,0.2,1400,0.2,0
8,0,699,2,10,5,0,300,0.5,1700,0.5,2
8,1,26,2,10,5,0,500,0.6,1000,0.2,1400,0.2,1
8,2,17,0,0,300,0.5,1700,0.5,0
8,3,186,2,10,5,0,500,0.6,1000,0.2,1400,0.2,1
8,4,674,2,10,5,0,500,0.6,1000,0.2,1400,0.2,2
8,5,728,1,0,300,0.5,1700,0.5,1
8,6,642,1,0,500,0.6,1000,0.2,1400,0.2,1
8,7,893,2,10,5,0,300,0.5,1700,0.5,1
8,8,905,0,0,500,0.6,1000,0.2,1400,0.2,1
