0,0,292,1,0,300,0.5,1700,0.5,1
0,1,899,1,0,300,0.5,1700,0.5,1
0,2,159,2,10,5,0,300,0.5,1700,0.5,2
0,3,406,1,0,500,0.6,1000,0.2,1400,0.2,2
0,4,14,2,10,5,0,500,0.6,1000,0.2,1400,0.2,1
0,5,274,0,0,500,0.6,1000,0.2,1400,0.2,1
0,6,537,1,0,300,0.5,1700,0.5,0
0,7,365,0,0,500,0.6,1000,0.2,1400,0.2,2
0,8,950,2,10,5,0,300,0.5,1700,0.5,1
1,0,728,2,10,5,0,500,0.6,1000,0.2,1400,0.2,0
1,1,210,2,10,5,0,300,0.5,1700,0.5,1
1,2,104,2,10,5,0,300,0.5,1700,0.5,0
1,3,972,0,0,300,0.5,1700,0.5,1
1,4,926,0,0,500,0.6,1000,0.2,1400,0.2,0
1,5,31,2,10,5,0,500,0.6,1000,0.2,1400,0.2,1
1,6,484,1,0,500,0.6,1000,0.2,1400,0.2,0
1,7,241,1,0,500,0.6,1000,0.2,1400,0.2,1
1,8,14,1,0,300,0.5,1700,0.5,2
2,0,956,0,0,500,0.6,1000,0.2,1400,0.2,2
2,1,616,0,0,300,0.5,1700,0.5,2
2,2,136,2,10,5,0,300,0.5,1700,0.5,0
2,3,817,2,10,5,0,500,0.6,1000,0.2,1400,0.2,0
2,4,921,1,0,300,0.5,1700,0.5,0
2,5,105,2,10,5,0,300,0.5,1700,0.5,2
2,6,172,1,0,300,0.5,1700,0.5,1
2,7,368,1,0,300,0.5,1700,0.5,2
2,8,610,0,0,300,0.5,1700,0.5,1
3,0,881,1,0,500,0.6,1000,0.2,1400,0.2,1
3,1,437,2,10,5,0,500,0.6,1000,0.2,1400,0.2,1
3,2,279,1,0,300,0.5,1700,0.5,0
3,3,273,2,10,5,0,300,0.5,1700,0.5,2
3,4,660,0,0,300,0.5,1700,0.5,1
3,5,344,1,0,300,0.5,1700,0.5,1
3,6,969,1,0,300,0.5,1700,0.5,2
3,7,374,2,10,5,0,500,0.6,1000,0.2,1400,0.2,2
3,8,670,1,0,500,0.6,1000,0.2,1400,0.2,0
4,0,875,2,10,5,0,500,0.6,1000,0.2,1400,0.2,2
4,1,120,1,0,500,0.6,1000,0.2,1400,0.2,0
4,2,908,2,10,5,0,300,0.5,1700,0.5,0
4,3,647,2,10,5,0,300,0.5,1700,0.5,1
4,4,293,2,10,5,0,500,0.6,1000,0.2,1400,0.2,0
4,5,181,1,0,500,0.6,1000,0.2,1400,0.2,2
4,6,475,1,0,500,0.6,1000,0.2,1400,0.2,2
4,7,847,1,0,300,0.5,1700,0.5,2
4,8,139,0,0,300,0.5,1700,0.5,1
5,0,561,2,10,5,0,300,0.5,1700,0.5,0
5,1,727,1,0,300,0.5,1700,0.5,2
5,2,727,1,0,500,0.6,1000,0.2,1400,0.2,1
5,3,991,2,10,5,0,500,0.6,1000,0.2,1400,0.2,0
5,4,295,2,10,5,0,500,0.6,1000,0.2,1400,0.2,1
5,5,698,2,10,5,0,500,0.6,1000,0.2,1400,0.2,2
5,6,465,1,0,500,0.6,1000,0.2,1400,0.2,0
5,7,49,1,0,500,0.6,1000,0.2,1400,0.2,0
5,8,876,2,10,5,0,500,0.6,1000,0.2,1400,0.2,0
6,0,127,1,0,300,0.5,1700,0.5,0
6,1,76,2,10,5,0,500,0.6,1000,0.2,1400,0.2,0
6,2,431,1,0,500,0.6,1000,0.2,1400,0.2,0
6,3,53,1,0,300,0.5,1700,0.5,0
6,4,838,1,0,300,0.5,1700,0.5,2
6,5,90,0,0,300,0.5,1700,0.5,1
6,6,729,0,0,300,0.5,1700,0.5,0
6,7,557,2,10,5,0,300,0.5,1700,0.5,2
6,8,144,2,10,5,0,500,0.6,1000,0.2,1400,0.2,0
7,0,560,0,0,300,0.5,1700,0.5,0
7,1,918,2,10,5,0,500,0.6,1000,0.2,1400,0.2,1
7,2,404,0,0,300,0.5,1700,0.5,2
7,3,794,0,0,500,0.6,1000,0.2,1400,0.2,0
7,4,892,1,0,300,0.5,1700,0.5,1
7,5,507,1,0,300,0.5,1700,0.5,1
7,6,289,2,10,5,0,300,0.5,1700,0.5,1
7,7,80,2,10,5,0,500,0.6,1000,0.2,1400,0.2,2
7,8,178,0,0,300,0.5,1700,0.5,1
8,0,910,0,0,300,0.5,1700,0.5,2
8,1,447,1,0,300,0.5,1700,0.5,2
8,2,473,2,10,5,0,300,0.5,1700,0.5,1
8,3,370,1,0,500,0.6,1000,0.2,1400,0.2,2
8,4,961,1,0,300,0.5,1700,0.5,2
8,5,856,2,10,5,0,500,0.6,1000,0.2,1400,0.2,2
8,6,609,0,0,500,0.6,1000,0.2,1400,0.2,1
8,7,981,1,0,500,0.6,1000,0.2,1400,0.2,2
8,8,72,2,10,5,0,300,0.5,1700,0.5,1
