0,0,273,2,10,5,0,300,0.5,1700,0.5,2
0,1,798,0,0,300,0.5,1700,0.5,2
0,2,865,2,10,5,0,300,0.5,1700,0.5,0
0,3,593,2,10,5,0,500,0.6,1000,0.2,1400,0.2,2
0,4,795,2,10,5,0,300,0.5,1700,0.5,2
0,5,322,1,0,500,0.6,1000,0.2,1400,0.2,0
0,6,694,1,0,300,0.5,1700,0.5,0
0,7,637,0,0,300,0.5,1700,0.5,0
0,8,735,1,0,500,0.6,1000,0.2,1400,0.2,0
1,0,539,2,10,5,0,500,0.6,1000,0.2,1400,0.2,2
1,1,577,0,0,300,0.5,1700,0.5,1
1,2,396,0,0,300,0.5,1700,0.5,2
1,3,197,0,0,300,0.5,1700,0.5,2
1,4,455,2,10,5,0,300,0.5,1700,0.5,0
1,5,807,1,0,500,0.6,1000,0.2,1400,0.2,2
1,6,855,2,10,5,0,300,0.5,1700,0.5,2
1,7,163,0,0,500,0.6,1000,0.2,1400,0.2,1
1,8,565,2,10,5,0,300,0.5,1700,0.5,1
2,0,776,0,0,300,0.5,1700,0.5,0
2,1,824,0,0,500,0.6,1000,0.2,1400,0.2,1
2,2,542,1,0,300,0.5,1700,0.5,2
2,3,518,1,0,500,0.6,1000,0.2,1400,0.2,0
2,4,446,0,0,300,0.5,1700,0.5,1
2,5,118,1,0,500,0.6,1000,0.2,1400,0.2,2
2,6,598,0,0,300,0.5,1700,0.5,0
2,7,317,0,0,300,0.5,1700,0.5,0
2,8,254,1,0,300,0.5,1700,0.5,0
3,0,737,2,10,5,0,300,0.5,1700,0.5,1
3,1,236,0,0,300,0.5,1700,0.5,2
3,2,718,2,10,5,0,500,0.6,1000,0.2,1400,0.2,0
3,3,670,0,0,500,0.6,1000,0.2,1400,0.2,0
3,4,290,1,0,500,0.6,1000,0.2,1400,0.2,2
3,5,602,0,0,500,0.6,1000,0.2,1400,0.2,0
3,6,611,0,0,500,0.6,1000,0.2,1400,0.2,2
3,7,317,0,0,500,0.6,1000,0.2,1400,0.2,1
3,8,989,2,10,5,0,500,0.6,1000,0.2,1400,0.2,0
4,0,391,0,0,500,0.6,1000,0.2,1400,0.2,1
4,1,641,0,0,500,0.6,1000,0.2,1400,0.2,1
4,2,873,2,10,5,0,300,0.5,1700,0.5,1
4,3,565,0,0,300,0.5,1700,0.5,1
4,4,461,2,10,5,0,500,0.6,1000,0.2,1400,0.2,2
4,5,239,0,0,500,0.6,1000,0.2,1400,0.2,0
4,6,873,1,0,500,0.6,1000,0.2,1400,0.2,0
4,7,570,1,0,300,0.5,1700,0.5,0
4,8,389,0,0,300,0.5,1700,0.5,2
5,0,362,2,10,5,0,300,0.5,1700,0.5,0
5,1,377,2,10,5,0,300,0.5,1700,0.5,2
5,2,798,0,0,500,0.6,1000,0.2,1400,0.2,0
5,3,953,0,0,300,0.5,1700,0.5,2
5,4,857,1,0,500,0.6,1000,0.2,1400,0.2,0
5,5,119,2,10,5,0,300,0.5,1700,0.5,2
5,6,302,1,0,500,0.6,1000,0.2,1400,0.2,0
5,7,470,2,10,5,0,300,0.5,1700,0.5,1
5,8,31,2,10,5,0,300,0.5,1700,0.5,0
6,0,250,2,10,5,0,500,0.6,1000,0.2,1400,0.2,1
6,1,410,2,10,5,0,300,0.5,1700,0.5,1
6,2,52,2,10,5,0,300,0.5,1700,0.5,0
6,3,146,0,0,300,0.5,1700,0.5,2
6,4,900,1,0,500,0.6,1000,0.2,1400,0.2,0
6,5,320,0,0,500,0.6,1000,0.2,1400,0.2,2
6,6,295,1,0,500,0.6,1000,0.2,1400,0.2,1
6,7,730,1,0,500,0.6,1000,0.2,1400,0.2,1
6,8,64,0,0,500,0.6,1000,0.2,1400,0.2,2
7,0,549,2,10,5,0,500,0.6,1000,0.2,1400,0.2,0
7,1,595,2,10,5,0,300,0.5,1700,0.5,1
7,2,95,0,0,300,0.5,1700,0.5,0
7,3,103,0,0,300,0.5,1700,0.5,0
7,4,859,0,0,500,0.6,1000,0.2,1400,0.2,1
7,5,427,1,0,300,0.5,1700,0.5,0
7,6,741,0,0,300,0.5,1700,0.5,0
7,7,300,2,10,5,0,500,0.6,1000,0.2,1400,0.2,2
7,8,879,2,10,5,0,300,0.5,1700,0.5,0
8,0,601,1,0,500,0.6,1000,0.2,1400,0.2,2
8,1,398,1,0,500,0.6,1000,0.2,1400,0.2,2
8,2,69,0,0,500,0.6,1000,0.2,1400,0.2,0
8,3,992,0,0,300,0.5,1700,0.5,0
8,4,69,2,10,5,0,300,0.5,1700,0.5,1
8,5,592,0,0,300,0.5,1700,0.5,2
8,6,55,2,10,5,0,500,0.6,1000,0.2,1400,0.2,0
8,7,235,1,0,300,0.5,1700,0.5,2
8,8,632,1,0,500,0.6,1000,0.2,1400,0.2,1
