0,0,906,2,10,5,0,300,0.5,1700,0.5,1
0,1,776,1,0,300,0.5,1700,0.5,0
0,2,83,1,0,500,0.6,1000,0.2,1400,0.2,1
0,3,544,0,0,300,0.5,1700,0.5,2
0,4,37,0,0,500,0.6,1000,0.2,1400,0.2,0
0,5,63,2,10,5,0,500,0.6,1000,0.2,1400,0.2,0
0,6,490,2,10,5,0,500,0.6,1000,0.2,1400,0.2,0
0,7,465,1,0,300,0.5,1700,0.5,1
0,8,183,2,10,5,0,500,0.6,1000,0.2,1400,0.2,2
1,0,202,0,0,300,0.5,1700,0.5,1
1,1,37,1,0,500,0.6,1000,0.2,1400,0.2,1
1,2,242,2,10,5,0,500,0.6,1000,0.2,1400,0.2,1
1,3,491,0,0,500,0.6,1000,0.2,1400,0.2,2
1,4,140,2,10,5,0,300,0.5,1700,0.5,0
1,5,962,2,10,5,0,500,0.6,1000,0.2,1400,0.2,1
1,6,929,2,10,5,0,300,0.5,1700,0.5,2
1,7,973,0,0,500,0.6,1000,0.2,1400,0.2,2
1,8,764,1,0,300,0.5,1700,0.5,1
2,0,470,2,10,5,0,500,0.6,1000,0.2,1400,0.2,0
2,1,377,2,10,5,0,300,0.5,1700,0.5,0
2,2,995,2,10,5,0,500,0.6,1000,0.2,1400,0.2,2
2,3,139,0,0,500,0.6,1000,0.2,1400,0.2,2
2,4,57,2,10,5,0,500,0.6,1000,0.2,1400,0.2,0
2,5,994,2,10,5,0,300,0.5,1700,0.5,2
2,6,960,1,0,300,0.5,1700,0.5,0
2,7,477,2,10,5,0,300,0.5,1700,0.5,1
2,8,750,0,0,300,0.5,1700,0.5,2
3,0,193,1,0,500,0.6,1000,0.2,1400,0.2,1
3,1,749,0,0,300,0.5,1700,0.5,0
3,2,613,0,0,500,0.6,1000,0.2,1400,0.2,2
3,3,998,1,0,500,0.6,1000,0.2,1400,0.2,0
3,4,687,0,0,300,0.5,1700,0.5,2
3,5,134,2,10,5,0,500,0.6,1000,0.2,1400,0.2,1
3,6,487,1,0,300,0.5,1700,0.5,0
3,7,822,2,10,5,0,300,0.5,1700,0.5,1
3,8,238,2,10,5,0,500,0.6,1000,0.2,1400,0.2,0
4,0,756,1,0,300,0.5,1700,0.5,2
4,1,673,0,0,300,0.5,1700,0.5,2
4,2,886,1,0,500,0.6,1000,0.2,1400,0.2,0
4,3,593,0,0,300,0.5,1700,0.5,0
4,4,195,2,10,5,0,500,0.6,1000,0.2,1400,0.2,1
4,5,410,0,0,500,0.6,1000,0.2,1400,0.2,1
4,6,163,0,0,300,0.5,1700,0.5,0
4,7,227,0,0,300,0.5,1700,0.5,1
4,8,724,0,0,300,0.5,1700,0.5,1
5,0,963,2,10,5,0,500,0.6,1000,0.2,1400,0.2,1
5,1,612,1,0,300,0.5,1700,0.5,2
5,2,625,0,0,500,0.6,1000,0.2,1400,0.2,2
5,3,108,2,10,5,0,500,0.6,1000,0.2,1400,0.2,1
5,4,210,1,0,300,0.5,1700,0.5,1
5,5,45,2,10,5,0,500,0.6,1000,0.2,1400,0.2,0
5,6,547,0,0,500,0.6,1000,0.2,1400,0.2,1
5,7,172,1,0,500,0.6,1000,0.2,1400,0.2,0
5,8,312,0,0,500,0.6,1000,0.2,1400,0.2,2
6,0,788,0,0,300,0.5,1700,0.5,2
6,1,46,1,0,300,0.5,1700,0.5,1
6,2,411,2,10,5,0,300,0.5,1700,0.5,0
6,3,111,1,0,300,0.5,1700,0.5,2
6,4,260,2,10,5,0,300,0.5,1700,0.5,1
6,5,572,2,10,5,0,300,0.5,1700,0.5,1
6,6,165,1,0,500,0.6,1000,0.2,1400,0.2,2
6,7,482,0,0,300,0.5,1700,0.5,0
6,8,704,0,0,300,0.5,1700,0.5,1
7,0,909,2,10,5,0,300,0.5,1700,0.5,1
7,1,567,0,0,300,0.5,1700,0.5,2
7,2,246,0,0,500,0.6,1000,0.2,1400,0.2,1
7,3,847,0,0,300,0.5,1700,0.5,1
7,4,739,0,0,500,0.6,1000,0.2,1400,0.2,1
7,5,163,1,0,500,0.6,1000,0.2,1400,0.2,2
7,6,116,2,10,5,0,500,0.6,1000,0.2,1400,0.2,2
7,7,904,2,10,5,0,500,0.6,1000,0.2,1400,0.2,0
7,8,999,2,10,5,0,500,0.6,1000,0.2,1400,0.2,1
8,0,324,1,0,500,0.6,1000,0.2,1400,0.2,2
8,1,569,2,10,5,0,500,0.6,1000,0.2,1400,0.2,2
8,2,853,2,10,5,0,300,0.5,1700,0.5,0
8,3,963,1,0,500,0.6,1000,0.2,1400,0.2,0
8,4,342,1,0,300,0.5,1700,0.5,2
8,5,774,2,10,5,0,300,0.5,1700,0.5,2
8,6,747,0,0,500,0.6,1000,0.2,1400,0.2,2
8,7,25,0,0,300,0.5,1700,0.5,1
8,8,211,0,0,300,0.5,1700,0.5,1
