0,0,395,1,0,300,0.5,1700,0.5,1
0,1,964,0,0,500,0.6,1000,0.2,1400,0.2,2
0,2,666,0,0,500,0.6,1000,0.2,1400,0.2,2
0,3,598,0,0,300,0.5,1700,0.5,1
0,4,859,1,0,500,0.6,1000,0.2,1400,0.2,1
0,5,704,2,10,5,0,300,0.5,1700,0.5,0
0,6,687,1,0,300,0.5,1700,0.5,0
0,7,905,1,0,300,0.5,1700,0.5,1
0,8,25,1,0,300,0.5,1700,0.5,2
1,0,488,0,0,500,0.6,1000,0.2,1400,0.2,2
1,1,564,2,10,5,0,300,0.5,1700,0.5,2
1,2,774,0,0,300,0.5,1700,0.5,1
1,3,578,0,0,500,0.6,1000,0.2,1400,0.2,1
1,4,635,0,0,500,0.6,1000,0.2,1400,0.2,1
1,5,866,0,0,500,0.6,1000,0.2,1400,0.2,2
1,6,955,1,0,300,0.5,1700,0.5,0
1,7,473,0,0,300,0.5,1700,0.5,0
1,8,759,0,0,300,0.5,1700,0.5,2
2,0,516,0,0,500,0.6,1000,0.2,1400,0.2,2
2,1,284,1,0,300,0.5,1700,0.5,2
2,2,982,2,10,5,0,500,0.6,1000,0.2,1400,0.2,1
2,3,508,0,0,500,0.6,1000,0.2,1400,0.2,1
2,4,968,1,0,300,0.5,1700,0.5,1
2,5,494,1,0,500,0.6,1000,0.2,1400,0.2,0
2,6,38,2,10,5,0,300,0.5,1700,0.5,2
2,7,250,1,0,500,0.6,1000,0.2,1400,0.2,1
2,8,984,0,0,500,0.6,1000,0.2,1400,0.2,2
3,0,470,2,10,5,0,500,0.6,1000,0.2,1400,0.2,0
3,1,361,2,10,5,0,300,0.5,1700,0.5,0
3,2,723,0,0,300,0.5,1700,0.5,2
3,3,785,1,0,300,0.5,1700,0.5,2
3,4,48,0,0,500,0.6,1000,0.2,1400,0.2,0
3,5,830,1,0,500,0.6,1000,0.2,1400,0.2,1
3,6,258,1,0,300,0.5,1700,0.5,0
3,7,351,0,0,500,0.6,1000,0.2,1400,0.2,2
3,8,870,0,0,300,0.5,1700,0.5,0
4,0,535,0,0,300,0.5,1700,0.5,0
4,1,436,1,0,300,0.5,1700,0.5,1
4,2,777,2,10,5,0,300,0.5,1700,0.5,2
4,3,825,0,0,500,0.6,1000,0.2,1400,0.2,1
4,4,412,0,0,300,0.5,1700,0.5,0
4,5,172,2,10,5,0,300,0.5,1700,0.5,0
4,6,800,2,10,5,0,500,0.6,1000,0.2,1400,0.2,2
4,7,819,1,0,500,0.6,1000,0.2,1400,0.2,0
4,8,356,0,0,500,0.6,1000,0.2,1400,0.2,1
5,0,706,1,0,500,0.6,1000,0.2,1400,0.2,2
5,1,778,2,10,5,0,300,0.5,1700,0.5,0
5,2,413,2,10,5,0,300,0.5,1700,0.5,0
5,3,546,0,0,500,0.6,1000,0.2,1400,0.2,2
5,4,753,0,0,300,0.5,1700,0.5,2
5,5,782,2,10,5,0,300,0.5,1700,0.5,0
5,6,482,2,10,5,0,300,0.5,1700,0.5,2
5,7,890,0,0,500,0.6,1000,0.2,1400,0.2,2
5,8,907,1,0,300,0.5,1700,0.5,2
6,0,74,0,0,300,0.5,1700,0.5,0
6,1,463,0,0,500,0.6,1000,0.2,1400,0.2,2
6,2,266,1,0,300,0.5,1700,0.5,2
6,3,406,1,0,300,0.5,1700,0.5,2
6,4,806,1,0,500,0.6,1000,0.2,1400,0.2,2
6,5,460,2,10,5,0,300,0.5,1700,0.5,1
6,6,129,0,0,500,0.6,1000,0.2,1400,0.2,1
6,7,864,0,0,500,0.6,1000,0.2,1400,0.2,0
6,8,42,0,0,500,0.6,1000,0.2,1400,0.2,2
7,0,726,1,0,300,0.5,1700,0.5,0
7,1,467,1,0,300,0.5,1700,0.5,2
7,2,849,2,10,5,0,300,0.5,1700,0.5,0
7,3,174,1,0,300,0.5,1700,0.5,2
7,4,564,0,0,500,0.6,1000,0.2,1400,0.2,1
7,5,492,1,0,500,0.6,1000,0.2,1400,0.2,0
7,6,833,2,10,5,0,500,0.6,1000,0.2,1400,0.2,1
7,7,63,1,0,500,0.6,1000,0.2,1400,0.2,0
7,8,885,2,10,5,0,300,0.5,1700,0.5,0
8,0,971,1,0,500,0.6,1000,0.2,1400,0.2,0
8,1,367,0,0,300,0.5,1700,0.5,0
8,2,93,2,10,5,0,300,0.5,1700,0.5,0
8,3,280,1,0,300,0.5,1700,0.5,0
8,4,96,2,10,5,0,500,0.6,1000,0.2,1400,0.2,0
8,5,176,2,10,5,0,300,0.5,1700,0.5,0
8,6,338,2,10,5,0,500,0.6,1000,0.2,1400,0.2,2
8,7,868,1,0,500,0.6,1000,0.2,1400,0.2,1
8,8,726,0,0,300,0.5,1700,0.5,2
