0,0,411,0,0,500,0.6,1000,0.2,1400,0.2,2
0,1,869,2,10,5,0,300,0.5,1700,0.5,1
0,2,593,0,0,300,0.5,1700,0.5,2
0,3,470,2,10,5,0,300,0.5,1700,0.5,2
0,4,467,1,0,300,0.5,1700,0.5,2
0,5,879,2,10,5,0,500,0.6,1000,0.2,1400,0.2,0
0,6,195,1,0,500,0.6,1000,0.2,1400,0.2,1
0,7,765,1,0,300,0.5,1700,0.5,2
0,8,479,2,10,5,0,300,0.5,1700,0.5,0
1,0,676,0,0,500,0.6,1000,0.2,1400,0.2,0
1,1,60,2,10,5,0,300,0.5,1700,0.5,1
1,2,296,0,0,300,0.5,1700,0.5,2
1,3,173,1,0,300,0.5,1700,0.5,2
1,4,733,1,0,300,0.5,1700,0.5,1
1,5,683,1,0,500,0.6,1000,0.2,1400,0.2,0
1,6,982,0,0,500,0.6,1000,0.2,1400,0.2,1
1,7,982,0,0,300,0.5,1700,0.5,1
1,8,807,2,10,5,0,500,0.6,1000,0.2,1400,0.2,1
2,0,759,0,0,500,0.6,1000,0.2,1400,0.2,0
2,1,70,1,0,300,0.5,1700,0.5,1
2,2,800,2,10,5,0,300,0.5,1700,0.5,0
2,3,452,0,0,500,0.6,1000,0.2,1400,0.2,1
2,4,791,1,0,300,0.5,1700,0.5,0
2,5,816,1,0,500,0.6,1000,0.2,1400,0.2,1
2,6,164,0,0,500,0.6,1000,0.2,1400,0.2,2
2,7,959,0,0,300,0.5,1700,0.5,1
2,8,381,2,10,5,0,500,0.6,1000,0.2,1400,0.2,2
3,0,184,0,0,300,0.5,1700,0.5,1
3,1,972,2,10,5,0,500,0.6,1000,0.2,1400,0.2,1
3,2,815,2,10,5,0,300,0.5,1700,0.5,1
3,3,288,1,0,300,0.5,1700,0.5,0
3,4,147,1,0,300,0.5,1700,0.5,2
3,5,424,2,10,5,0,500,0.6,1000,0.2,1400,0.2,1
3,6,236,0,0,300,0.5,1700,0.5,1
3,7,116,0,0,300,0.5,1700,0.5,1
3,8,766,0,0,500,0.6,1000,0.2,1400,0.2,0
4,0,199,0,0,300,0.5,1700,0.5,0
4,1,898,2,10,5,0,300,0.5,1700,0.5,1
4,2,569,0,0,300,0.5,1700,0.5,2
4,3,995,1,0,500,0.6,1000,0.2,1400,0.2,0
4,4,976,0,0,500,0.6,1000,0.2,1400,0.2,2
4,5,835,2,10,5,0,500,0.6,1000,0.2,1400,0.2,2
4,6,478,0,0,300,0.5,1700,0.5,2
4,7,275,1,0,300,0.5,1700,0.5,0
4,8,884,2,10,5,0,300,0.5,1700,0.5,0
5,0,338,1,0,300,0.5,1700,0.5,2
5,1,293,0,0,500,0.6,1000,0.2,1400,0.2,0
5,2,914,1,0,500,0.6,1000,0.2,1400,0.2,1
5,3,379,2,10,5,0,300,0.5,1700,0.5,1
5,4,620,2,10,5,0,500,0.6,1000,0.2,1400,0.2,1
5,5,898,1,0,300,0.5,1700,0.5,0
5,6,166,1,0,300,0.5,1700,0.5,0
5,7,236,0,0,300,0.5,1700,0.5,0
5,8,635,2,10,5,0,500,0.6,1000,0.2,1400,0.2,0
6,0,696,2,10,5,0,300,0.5,1700,0.5,2
6,1,546,0,0,500,0.6,1000,0.2,1400,0.2,2
6,2,325,1,0,300,0.5,1700,0.5,0
6,3,670,1,0,300,0.5,1700,0.5,2
6,4,600,1,0,500,0.6,1000,0.2,1400,0.2,0
6,5,760,2,10,5,0,300,0.5,1700,0.5,0
6,6,551,0,0,500,0.6,1000,0.2,1400,0.2,0
6,7,629,2,10,5,0,300,0.5,1700,0.5,2
6,8,446,0,0,300,0.5,1700,0.5,2
7,0,89,0,0,300,0.5,1700,0.5,2
7,1,664,2,10,5,0,500,0.6,1000,0.2,1400,0.2,1
7,2,623,1,0,500,0.6,1000,0.2,1400,0.2,0
7,3,34,2,10,5,0,300,0.5,1700,0.5,1
7,4,361,2,10,5,0,300,0.5,1700,0.5,0
7,5,663,0,0,500,0.6,1000,0.2,1400,0.2,2
7,6,796,0,0,300,0.5,1700,0.5,1
7,7,46,2,10,5,0,500,0.6,1000,0.2,1400,0.2,0
7,8,516,0,0,300,0.5,1700,0.5,1
8,0,728,2,10,5,0,500,0.6,1000,0.2,1400,0.2,0
8,1,135,0,0,500,0.6,1000,0.2,1400,0.2,1
8,2,379,0,0,500,0.6,1000,0.2,1400,0.2,0
8,3,13,0,0,500,0.6,1000,0.2,1400,0.2,1
8,4,571,1,0,300,0.5,1700,0.5,2
8,5,883,2,10,5,0,300,0.5,1700,0.5,1
8,6,493,0,0,300,0.5,1700,0.5,0
8,7,902,0,0,300,0.5,1700,0.5,0
8,8,796,2,10,5,0,500,0.6,1000,0.2,1400,0.2,2
