0,0,956,2,10,5,0,500,0.6,1000,0.2,1400,0.2,2
0,1,184,1,0,300,0.5,1700,0.5,1
0,2,87,2,10,5,0,300,0.5,1700,0.5,0
0,3,119,1,0,500,0.6,1000,0.2,1400,0.2,1
0,4,965,0,0,300,0.5,1700,0.5,0
0,5,926,2,10,5,0,500,0.6,1000,0.2,1400,0.2,0
0,6,298,1,0,500,0.6,1000,0.2,1400,0.2,1
0,7,154,1,0,300,0.5,1700,0.5,1
0,8,718,0,0,300,0.5,1700,0.5,2
1,0,29,2,10,5,0,300,0.5,1700,0.5,0
1,1,400,1,0,300,0.5,1700,0.5,1
1,2,953,2,10,5,0,300,0.5,1700,0.5,2
1,3,258,0,0,500,0.6,1000,0.2,1400,0.2,2
1,4,897,1,0,300,0.5,1700,0.5,1
1,5,111,0,0,300,0.5,1700,0.5,0
1,6,999,2,10,5,0,500,0.6,1000,0.2,1400,0.2,1
1,7,653,1,0,300,0.5,1700,0.5,1
1,8,720,2,10,5,0,500,0.6,1000,0.2,1400,0.2,1
2,0,361,1,0,300,0.5,1700,0.5,0
2,1,247,0,0,500,0.6,1000,0.2,1400,0.2,0
2,2,481,1,0,500,0.6,1000,0.2,1400,0.2,0
2,3,738,0,0,500,0.6,1000,0.2,1400,0.2,2
2,4,939,1,0,500,0.6,1000,0.2,1400,0.2,1
2,5,596,1,0,500,0.6,1000,0.2,1400,0.2,2
2,6,25,1,0,300,0.5,1700,0.5,1
2,7,282,0,0,300,0.5,1700,0.5,0
2,8,436,0,0,500,0.6,1000,0.2,1400,0.2,2
3,0,634,2,10,5,0,300,0.5,1700,0.5,2
3,1,546,1,0,300,0.5,1700,0.5,1
3,2,894,1,0,300,0.5,1700,0.5,0
3,3,912,0,0,500,0.6,1000,0.2,1400,0.2,1
3,4,612,0,0,300,0.5,1700,0.5,1
3,5,577,1,0,300,0.5,1700,0.5,0
3,6,220,2,10,5,0,500,0.6,1000,0.2,1400,0.2,2
3,7,182,1,0,500,0.6,1000,0.2,1400,0.2,2
3,8,931,1,0,300,0.5,1700,0.5,1
4,0,170,2,10,5,0,500,0.6,1000,0.2,1400,0.2,2
4,1,380,1,0,500,0.6,1000,0.2,1400,0.2,2
4,2,491,2,10,5,0,300,0.5,1700,0.5,1
4,3,444,0,0,300,0.5,1700,0.5,0
4,4,104,1,0,300,0.5,1700,0.5,0
4,5,769,0,0,500,0.6,1000,0.2,1400,0.2,1
4,6,314,2,10,5,0,300,0.5,1700,0.5,2
4,7,217,0,0,300,0.5,1700,0.5,0
4,8,982,0,0,500,0.6,1000,0.2,1400,0.2,2
5,0,878,2,10,5,0,500,0.6,1000,0.2,1400,0.2,1
5,1,472,2,10,5,0,300,0.5,1700,0.5,1
5,2,840,2,10,5,0,500,0.6,1000,0.2,1400,0.2,2
5,3,533,2,10,5,0,300,0.5,1700,0.5,0
5,4,980,0,0,300,0.5,1700,0.5,1
5,5,181,2,10,5,0,500,0.6,1000,0.2,1400,0.2,2
5,6,628,2,10,5,0,500,0.6,1000,0.2,1400,0.2,0
5,7,693,0,0,300,0.5,1700,0.5,0
5,8,229,1,0,500,0.6,1000,0.2,1400,0.2,0
6,0,340,0,0,300,0.5,1700,0.5,0
6,1,500,1,0,500,0.6,1000,0.2,1400,0.2,0
6,2,736,1,0,500,0.6,1000,0.2,1400,0.2,0
6,3,928,1,0,500,0.6,1000,0.2,1400,0.2,0
6,4,923,2,10,5,0,300,0.5,1700,0.5,1
6,5,548,2,10,5,0,300,0.5,1700,0.5,2
6,6,173,0,0,500,0.6,1000,0.2,1400,0.2,2
6,7,618,0,0,500,0.6,1000,0.2,1400,0.2,0
6,8,359,2,10,5,0,300,0.5,1700,0.5,0
7,0,234,1,0,300,0.5,1700,0.5,0
7,1,276,0,0,500,0.6,1000,0.2,1400,0.2,0
7,2,71,2,10,5,0,300,0.5,1700,0.5,1
7,3,969,0,0,300,0.5,1700,0.5,2
7,4,995,1,0,300,0.5,1700,0.5,1
7,5,501,0,0,300,0.5,1700,0.5,0
7,6,418,2,10,5,0,300,0.5,1700,0.5,1
7,7,561,1,0,500,0.6,1000,0.2,1400,0.2,1
7,8,377,0,0,300,0.5,1700,0.5,0
8,0,964,0,0,500,0.6,1000,0.2,1400,0.2,2
8,1,704,0,0,500,0.6,1000,0.2,1400,0.2,2
8,2,183,2,10,5,0,300,0.5,1700,0.5,1
8,3,569,0,0,500,0.6,1000,0.2,1400,0.2,2
8,4,350,1,0,300,0.5,1700,0.5,1
8,5,1000,2,10,5,0,300,0.5,1700,0.5,2
8,6,299,2,10,5,0,300,0.5,1700,0.5,2
8,7,110,0,0,300,0.5,1700,0.5,1
8,8,12,1,0,500,0.6,1000,0.2,1400,0.2,0
