0,0,260,0,0,500,0.6,1000,0.2,1400,0.2,0
0,1,111,0,0,300,0.5,1700,0.5,0
0,2,146,2,10,5,0,500,0.6,1000,0.2,1400,0.2,1
0,3,647,2,10,5,0,300,0.5,1700,0.5,2
0,4,538,0,0,300,0.5,1700,0.5,0
0,5,731,1,0,500,0.6,1000,0.2,1400,0.2,1
0,6,217,2,10,5,0,300,0.5,1700,0.5,1
0,7,742,2,10,5,0,300,0.5,1700,0.5,0
0,8,383,2,10,5,0,300,0.5,1700,0.5,2
1,0,194,2,10,5,0,500,0.6,1000,0.2,1400,0.2,1
1,1,931,1,0,500,0.6,1000,0.2,1400,0.2,1
1,2,891,2,10,5,0,500,0.6,1000,0.2,1400,0.2,0
1,3,741,2,10,5,0,500,0.6,1000,0.2,1400,0.2,2
1,4,656,0,0,500,0.6,1000,0.2,1400,0.2,2
1,5,854,2,10,5,0,500,0.6,1000,0.2,1400,0.2,0
1,6,586,2,10,5,0,300,0.5,1700,0.5,2
1,7,405,2,10,5,0,500,0.6,1000,0.2,1400,0.2,2
1,8,475,2,10,5,0,500,0.6,1000,0.2,1400,0.2,1
2,0,991,0,0,500,0.6,1000,0.2,1400,0.2,2
2,1,461,1,0,500,0.6,1000,0.2,1400,0.2,0
2,2,583,1,0,300,0.5,1700,0.5,0
2,3,123,2,10,5,0,300,0.5,1700,0.5,0
2,4,568,0,0,500,0.6,1000,0.2,1400,0.2,2
2,5,494,2,10,5,0,300,0.5,1700,0.5,1
2,6,731,2,10,5,0,300,0.5,1700,0.5,2
2,7,758,1,0,500,0.6,1000,0.2,1400,0.2,2
2,8,442,1,0,500,0.6,1000,0.2,1400,0.2,2
3,0,434,2,10,5,0,300,0.5,1700,0.5,0
3,1,907,1,0,300,0.5,1700,0.5,1
3,2,33,1,0,300,0.5,1700,0.5,0
3,3,401,2,10,5,0,500,0.6,1000,0.2,1400,0.2,0
3,4,813,1,0,500,0.6,1000,0.2,1400,0.2,2
3,5,891,1,0,300,0.5,1700,0.5,2
3,6,246,2,10,5,0,500,0.6,1000,0.2,1400,0.2,2
3,7,361,1,0,300,0.5,1700,0.5,1
3,8,131,0,0,300,0.5,1700,0.5,1
4,0,581,2,10,5,0,500,0.6,1000,0.2,1400,0.2,2
4,1,593,0,0,300,0.5,1700,0.5,1
4,2,896,2,10,5,0,300,0.5,1700,0.5,0
4,3,930,2,10,5,0,500,0.6,1000,0.2,1400,0.2,2
4,4,800,0,0,500,0.6,1000,0.2,1400,0.2,1
4,5,464,0,0,500,0.6,1000,0.2,1400,0.2,1
4,6,119,1,0,300,0.5,1700,0.5,1
4,7,805,0,0,500,0.6,1000,0.2,1400,0.2,1
4,8,369,2,10,5,0,300,0.5,1700,0.5,2
5,0,801,0,0,300,0.5,1700,0.5,1
5,1,262,2,10,5,0,300,0.5,1700,0.5,1
5,2,627,2,10,5,0,500,0.6,1000,0.2,1400,0.2,0
5,3,167,0,0,300,0.5,1700,0.5,2
5,4,448,0,0,500,0.6,1000,0.2,1400,0.2,0
5,5,93,2,10,5,0,300,0.5,1700,0.5,0
5,6,314,1,0,300,0.5,1700,0.5,1
5,7,967,1,0,500,0.6,1000,0.2,1400,0.2,1
5,8,585,0,0,500,0.6,1000,0.2,1400,0.2,0
6,0,848,2,10,5,0,300,0.5,1700,0.5,0
6,1,175,1,0,300,0.5,1700,0.5,0
6,2,136,0,0,300,0.5,1700,0.5,2
6,3,531,1,0,500,0.6,1000,0.2,1400,0.2,0
6,4,732,0,0,500,0.6,1000,0.2,1400,0.2,2
6,5,973,0,0,500,0.6,1000,0.2,1400,0.2,2
6,6,185,0,0,500,0.6,1000,0.2,1400,0.2,0
6,7,322,2,10,5,0,500,0.6,1000,0.2,1400,0.2,1
6,8,317,2,10,5,0,300,0.5,1700,0.5,2
7,0,899,2,10,5,0,300,0.5,1700,0.5,0
7,1,735,1,0,300,0.5,1700,0.5,1
7,2,167,2,10,5,0,300,0.5,1700,0.5,1
7,3,281,1,0,500,0.6,1000,0.2,1400,0.2,2
7,4,268,2,10,5,0,300,0.5,1700,0.5,1
7,5,425,0,0,300,0.5,1700,0.5,0
7,6,145,1,0,500,0.6,1000,0.2,1400,0.2,1
7,7,102,2,10,5,0,300,0.5,1700,0.5,2
7,8,966,1,0,500,0.6,1000,0.2,1400,0.2,1
8,0,538,0,0,500,0.6,1000,0.2,1400,0.2,2
8,1,76,2,10,5,0,500,0.6,1000,0.2,1400,0.2,0
8,2,440,0,0,300,0.5,1700,0.5,0
8,3,747,0,0,500,0.6,1000,0.2,1400,0.2,1
8,4,108,0,0,500,0.6,1000,0.2,1400,0.2,1
8,5,980,0,0,300,0.5,1700,0.5,1
8,6,270,0,0,500,0.6,1000,0.2,1400,0.2,0
8,7,195,2,10,5,0,300,0.5,1700,0.5,0
8,8,553,2,10,5,0,300,0.5,1700,0.5,0
