0,0,98,0,0,300,0.5,1700,0.5,0
0,1,201,0,0,300,0.5,1700,0.5,0
0,2,541,2,10,5,0,500,0.6,1000,0.2,1400,0.2,0
0,3,815,0,0,500,0.6,1000,0.2,1400,0.2,0
0,4,282,2,10,5,0,500,0.6,1000,0.2,1400,0.2,1
0,5,778,2,10,5,0,300,0.5,1700,0.5,2
0,6,801,2,10,5,0,300,0.5,1700,0.5,2
0,7,661,0,0,300,0.5,1700,0.5,1
0,8,205,2,10,5,0,500,0.6,1000,0.2,1400,0.2,1
1,0,495,1,0,300,0.5,1700,0.5,2
1,1,962,0,0,500,0.6,1000,0.2,1400,0.2,2
1,2,361,1,0,500,0.6,1000,0.2,1400,0.2,2
1,3,515,1,0,300,0.5,1700,0.5,0
1,4,803,0,0,500,0.6,1000,0.2,1400,0.2,2
1,5,449,0,0,500,0.6,1000,0.2,1400,0.2,0
1,6,874,1,0,300,0.5,1700,0.5,0
1,7,341,2,10,5,0,300,0.5,1700,0.5,0
1,8,714,0,0,300,0.5,1700,0.5,1
2,0,734,1,0,300,0.5,1700,0.5,2
2,1,252,2,10,5,0,500,0.6,1000,0.2,1400,0.2,0
2,2,268,1,0,300,0.5,1700,0.5,2
2,3,76,1,0,300,0.5,1700,0.5,2
2,4,281,1,0,300,0.5,1700,0.5,1
2,5,977,2,10,5,0,500,0.6,1000,0.2,1400,0.2,2
2,6,311,1,0,300,0.5,1700,0.5,2
2,7,314,2,10,5,0,500,0.6,1000,0.2,1400,0.2,1
2,8,47,1,0,500,0.6,1000,0.2,1400,0.2,0
3,0,91,0,0,300,0.5,1700,0.5,0
3,1,409,2,10,5,0,500,0.6,1000,0.2,1400,0.2,2
3,2,617,0,0,300,0.5,1700,0.5,1
3,3,167,2,10,5,0,300,0.5,1700,0.5,0
3,4,100,2,10,5,0,300,0.5,1700,0.5,2
3,5,10,1,0,300,0.5,1700,0.5,0
3,6,234,2,10,5,0,500,0.6,1000,0.2,1400,0.2,2
3,7,603,2,10,5,0,500,0.6,1000,0.2,1400,0.2,2
3,8,45,2,10,5,0,300,0.5,1700,0.5,2
4,0,670,2,10,5,0,300,0.5,1700,0.5,1
4,1,526,0,0,500,0.6,1000,0.2,1400,0.2,1
4,2,280,1,0,500,0.6,1000,0.2,1400,0.2,2
4,3,678,0,0,300,0.5,1700,0.5,1
4,4,886,2,10,5,0,300,0.5,1700,0.5,0
4,5,135,0,0,500,0.6,1000,0.2,1400,0.2,0
4,6,603,2,10,5,0,500,0.6,1000,0.2,1400,0.2,0
4,7,80,0,0,300,0.5,1700,0.5,1
4,8,484,2,10,5,0,500,0.6,1000,0.2,1400,0.2,0
5,0,738,0,0,500,0.6,1000,0.2,1400,0.2,2
5,1,570,0,0,500,0.6,1000,0.2,1400,0.2,2
5,2,961,0,0,500,0.6,1000,0.2,1400,0.2,1
5,3,744,1,0,300,0.5,1700,0.5,2
5,4,621,1,0,500,0.6,1000,0.2,1400,0.2,2
5,5,814,1,0,500,0.6,1000,0.2,1400,0.2,1
5,6,455,2,10,5,0,500,0.6,1000,0.2,1400,0.2,2
5,7,645,0,0,300,0.5,1700,0.5,1
5,8,778,1,0,300,0.5,1700,0.5,1
6,0,728,2,10,5,0,500,0.6,1000,0.2,1400,0.2,1
6,1,111,2,10,5,0,300,0.5,1700,0.5,2
6,2,222,0,0,500,0.6,1000,0.2,1400,0.2,2
6,3,611,1,0,500,0.6,1000,0.2,1400,0.2,0
6,4,869,1,0,300,0.5,1700,0.5,1
6,5,359,1,0,300,0.5,1700,0.5,1
6,6,920,2,10,5,0,500,0.6,1000,0.2,1400,0.2,2
6,7,105,1,0,300,0.5,1700,0.5,1
6,8,901,0,0,300,0.5,1700,0.5,0
7,0,619,2,10,5,0,300,0.5,1700,0.5,0
7,1,508,2,10,5,0,500,0.6,1000,0.2,1400,0.2,0
7,2,10,0,0,300,0.5,1700,0.5,2
7,3,131,2,10,5,0,500,0.6,1000,0.2,1400,0.2,0
7,4,184,2,10,5,0,300,0.5,1700,0.5,1
7,5,501,0,0,300,0.5,1700,0.5,2
7,6,394,1,0,300,0.5,1700,0.5,1
7,7,468,2,10,5,0,500,0.6,1000,0.2,1400,0.2,0
7,8,636,1,0,500,0.6,1000,0.2,1400,0.2,0
8,0,173,2,10,5,0,500,0.6,1000,0.2,1400,0.2,1
8,1,846,0,0,300,0.5,1700,0.5,0
8,2,244,1,0,300,0.5,1700,0.5,0
8,3,152,0,0,300,0.5,1700,0.5,1
8,4,295,2,10,5,0,300,0.5,1700,0.5,1
8,5,271,1,0,300,0.5,1700,0.5,0
8,6,861,1,0,500,0.6,1000,0.2,1400,0.2,2
8,7,479,2,10,5,0,300,0.5,1700,0.5,2
8,8,841,0,0,500,0.6,1000,0.2,1400,0.2,1
