0,2,3,1
0,2
0,2,3
0,2,3,4
0,2,7,5
0,2,3,4,6
0,2,7
0,2,3,4,8
0,9
1,3,2,0
1,3,2
1,3
1,5,4
1,5
1,5,4,6
1,5,7
1,5,4,8
1,5,7,9
2,0
2,3,1
2,3
2,3,4
2,7,5
2,3,4,6
2,7
2,3,4,8
2,0,9
3,2,0
3,1
3,2
3,4
3,1,5
3,4,6
3,2,7
3,4,8
3,2,0,9
4,3,2,0
4,5,1
4,3,2
4,3
4,5
4,6
4,5,7
4,8
4,5,7,9
5,7,2,0
5,1
5,7,2
5,4,3
5,4
5,4,6
5,7
5,4,8
5,7,9
6,4,3,2,0
6,4,5,1
6,4,3,2
6,4,3
6,4
6,4,5
6,4,5,7
6,8
6,4,5,7,9
7,2,0
7,5,1
7,2
7,2,3
7,5,4
7,5
7,5,4,6
7,5,4,8
7,9
8,4,3,2,0
8,4,5,1
8,4,3,2
8,4,3
8,4
8,4,5
8,6
8,4,5,7
8,4,5,7,9
9,0
9,7,5,1
9,7,2
9,7,2,3
9,7,5,4
9,7,5
9,7,5,4,6
9,7
9,7,5,4,8
